7.61833 2.155 0
7.69736 2.21532 0
7.77035 2.2783 0
7.83735 2.3438 0
7.89836 2.41172 0
7.95342 2.48191 0
8.00256 2.55427 0
8.0458 2.62865 0
8.08317 2.70495 0
8.11469 2.78302 0
8.14039 2.86276 0
8.16031 2.94403 0
8.17445 3.02671 0
8.18286 3.11067 0
8.18555 3.19579 0
8.18256 3.28195 0
8.1739 3.36901 0
8.15961 3.45686 0
8.13972 3.54537 0
8.11424 3.63442 0
8.08321 3.72388 0
8.04666 3.81362 0
8.0046 3.90353 0
7.95706 3.99347 0
7.90408 4.08333 0
7.84568 4.17297 0
7.78188 4.26227 0
7.71271 4.35111 0
7.6382 4.43937 0
7.55837 4.52691 0
7.47325 4.61362 0
7.38287 4.69936 0
7.28726 4.78402 0
7.18643 4.86747 0
7.15167 4.895 0
7.04398 4.97663 0
6.93142 5.05672 0
6.81428 5.1351 0
6.69287 5.21159 0
6.5675 5.28603 0
6.43845 5.35825 0
6.30602 5.42808 0
6.17053 5.49536 0
6.03227 5.55991 0
5.89155 5.62157 0
5.74865 5.68017 0
5.60389 5.73553 0
5.45756 5.7875 0
5.30997 5.8359 0
5.16142 5.88057 0
5.0122 5.92133 0
4.86262 5.95802 0
4.71297 5.99046 0
4.56357 6.0185 0
4.41471 6.04196 0
4.26668 6.06067 0
4.1198 6.07447 0
3.97436 6.08318 0
3.83066 6.08665 0
3.68901 6.08469 0
3.5497 6.07714 0
3.41304 6.06383 0
3.27932 6.0446 0
3.14885 6.01928 0
3.02193 5.98769 0
2.89885 5.94967 0
2.77993 5.90505 0
2.66545 5.85366 0
2.62833 5.835 0
2.52024 5.77441 0
2.41716 5.70719 0
2.31926 5.6337 0
2.22672 5.55428 0
2.1397 5.46931 0
2.05837 5.37914 0
1.98289 5.28413 0
1.91343 5.18464 0
1.85015 5.08103 0
1.79324 4.97365 0
1.74284 4.86287 0
1.69914 4.74905 0
1.66229 4.63253 0
1.63247 4.51369 0
1.60983 4.39288 0
1.59456 4.27046 0
1.5868 4.14678 0
1.58675 4.02222 0
1.59455 3.89712 0
1.61037 3.77184 0
1.63439 3.64675 0
1.66677 3.5222 0
1.70768 3.39855 0
1.75729 3.27616 0
1.81575 3.15539 0
1.88325 3.0366 0
1.95994 2.92014 0
2.046 2.80638 0
2.14158 2.69568 0
2.24687 2.58839 0
2.36202 2.48487 0
2.4872 2.38548 0
2.62258 2.29058 0
2.67 2.26 0
2.81911 2.17157 0
2.97805 2.08806 0
3.14622 2.00939 0
3.32302 1.93551 0
3.50787 1.86636 0
3.70015 1.80189 0
3.89929 1.74202 0
4.10468 1.68671 0
4.31572 1.63589 0
4.53183 1.5895 0
4.7524 1.54749 0
4.97685 1.50979 0
5.20456 1.47635 0
5.43496 1.4471 0
5.66744 1.42199 0
5.90141 1.40095 0
6.13627 1.38394 0
6.37142 1.37088 0
6.60628 1.36172 0
6.84024 1.3564 0
7.07271 1.35486 0
7.3031 1.35704 0
7.5308 1.36288 0
7.75523 1.37233 0
7.97578 1.38531 0
8.19186 1.40178 0
8.40289 1.42167 0
8.60825 1.44493 0
8.80735 1.47149 0
8.99961 1.5013 0
9.18442 1.53429 0
9.36118 1.57041 0
9.52931 1.6096 0
9.58333 1.62333 0
9.73916 1.66651 0
9.88584 1.71257 0
10.0236 1.76142 0
10.1528 1.81295 0
10.2737 1.86706 0
10.3866 1.92365 0
10.4917 1.98262 0
10.5893 2.04386 0
10.6797 2.10728 0
10.7632 2.17277 0
10.84 2.24023 0
10.9105 2.30955 0
10.9749 2.38065 0
11.0334 2.45341 0
11.0865 2.52773 0
11.1343 2.60351 0
11.1771 2.68065 0
11.2152 2.75905 0
11.2489 2.8386 0
11.2785 2.91921 0
11.3042 3.00077 0
11.3263 3.08319 0
11.3451 3.16635 0
11.3609 3.25015 0
11.374 3.3345 0
11.3845 3.4193 0
11.3929 3.50444 0
11.3994 3.58981 0
11.4043 3.67533 0
11.4078 3.76088 0
11.4102 3.84636 0
11.4119 3.93168 0
11.413 4.01673 0
11.4133 4.045 0
11.4141 4.12954 0
11.4148 4.21363 0
11.4151 4.29723 0
11.415 4.38029 0
11.4146 4.46278 0
11.4136 4.54464 0
11.4121 4.62583 0
11.41 4.70631 0
11.4071 4.78603 0
11.4035 4.86496 0
11.399 4.94304 0
11.3936 5.02024 0
11.3873 5.09651 0
11.3798 5.17181 0
11.3713 5.24608 0
11.3616 5.3193 0
11.3506 5.39141 0
11.3382 5.46237 0
11.3245 5.53215 0
11.3093 5.60068 0
11.2925 5.66793 0
11.2742 5.73387 0
11.2541 5.79843 0
11.2323 5.86158 0
11.2087 5.92328 0
11.1832 5.98348 0
11.1557 6.04214 0
11.1262 6.09921 0
11.0946 6.15465 0
11.0608 6.20842 0
11.0248 6.26047 0
10.9865 6.31076 0
10.9458 6.35925 0
10.9317 6.375 0
10.8877 6.42103 0
10.8413 6.46524 0
10.7926 6.50768 0
10.7417 6.54841 0
10.6886 6.58747 0
10.6334 6.62491 0
10.5763 6.66077 0
10.5172 6.69511 0
10.4562 6.72797 0
10.3935 6.7594 0
10.3291 6.78946 0
10.2631 6.81818 0
10.1955 6.84562 0
10.1265 6.87183 0
10.0562 6.89685 0
9.9845 6.92073 0
9.91162 6.94352 0
9.83759 6.96527 0
9.7625 6.98603 0
9.68643 7.00584 0
9.60945 7.02476 0
9.53165 7.04282 0
9.45311 7.06009 0
9.37389 7.07661 0
9.29409 7.09242 0
9.21377 7.10758 0
9.13303 7.12213 0
9.05193 7.13613 0
8.97055 7.14961 0
8.88898 7.16263 0
8.80729 7.17524 0
8.72556 7.18749 0
8.64388 7.19942 0
8.61667 7.20333 0
8.53513 7.21488 0
8.45372 7.226 0
8.37241 7.23654 0
8.29118 7.24632 0
8.21 7.25517 0
8.12885 7.26292 0
8.04771 7.26941 0
7.96656 7.27447 0
7.88538 7.27792 0
7.80413 7.27961 0
7.72281 7.27935 0
7.64138 7.27699 0
7.55983 7.27235 0
7.47813 7.26526 0
7.39626 7.25556 0
7.3142 7.24308 0
7.23192 7.22764 0
7.14941 7.20908 0
7.06664 7.18724 0
6.98359 7.16193 0
6.90023 7.133 0
6.81654 7.10028 0
6.73251 7.06358 0
6.64811 7.02276 0
6.56331 6.97763 0
6.47809 6.92803 0
6.39244 6.8738 0
6.30632 6.81475 0
6.21973 6.75073 0
6.13262 6.68156 0
6.04499 6.60708 0
5.95681 6.52711 0
5.86805 6.44149 0
5.83833 6.41167 0
5.74883 6.31834 0
5.65899 6.21949 0
5.56909 6.11548 0
5.47941 6.00666 0
5.39022 5.8934 0
5.30178 5.77604 0
5.21437 5.65495 0
5.12826 5.53048 0
5.04373 5.403 0
4.96104 5.27285 0
4.88048 5.1404 0
4.8023 5.006 0
4.72679 4.87001 0
4.65421 4.73279 0
4.58484 4.59468 0
4.51894 4.45607 0
4.4568 4.31729 0
4.39869 4.1787 0
4.34487 4.04067 0
4.29561 3.90355 0
4.2512 3.76769 0
4.2119 3.63346 0
4.17799 3.50121 0
4.14973 3.3713 0
4.1274 3.24409 0
4.11127 3.11993 0
4.10161 2.99918 0
4.0987 2.8822 0
4.10281 2.76934 0
4.1142 2.66096 0
4.13316 2.55743 0
4.15995 2.45909 0
4.19485 2.3663 0
4.20833 2.33667 0
4.25434 2.25177 0
4.30839 2.1728 0
4.37003 2.09966 0
4.43884 2.03227 0
4.51437 1.97051 0
4.59619 1.9143 0
4.68386 1.86353 0
4.77695 1.81811 0
4.87503 1.77794 0
4.97765 1.74292 0
5.08439 1.71296 0
5.1948 1.68796 0
5.30845 1.66781 0
5.4249 1.65243 0
5.54372 1.64171 0
5.66447 1.63557 0
5.78672 1.63389 0
5.91003 1.63659 0
6.03397 1.64356 0
6.15809 1.65471 0
6.28197 1.66994 0
6.40517 1.68915 0
6.52724 1.71225 0
6.64777 1.73914 0
6.7663 1.76971 0
6.88241 1.80388 0
6.99566 1.84155 0
7.10561 1.88262 0
7.21182 1.92698 0
7.31387 1.97455 0
7.41132 2.02523 0
7.50372 2.07891 0
7.59065 2.1355 0
