14.3833 5.75833 0
14.6831 5.80641 0
15 5.85914 0
15.3336 5.91657 0
15.6832 5.97872 0
16.0483 6.04561 0
16.4283 6.11728 0
16.8226 6.19376 0
17.2308 6.27507 0
17.6522 6.36125 0
18.0862 6.45231 0
18.5324 6.54829 0
18.9902 6.64922 0
19.4589 6.75512 0
19.938 6.86603 0
20.4271 6.98197 0
20.9254 7.10297 0
21.4325 7.22905 0
21.9477 7.36026 0
22.4706 7.49661 0
23.0005 7.63813 0
23.537 7.78486 0
24.0793 7.93681 0
24.6271 8.09403 0
25.1796 8.25653 0
25.7365 8.42435 0
26.297 8.59751 0
26.8606 8.77604 0
27.4268 8.95997 0
27.995 9.14934 0
28.5646 9.34416 0
29.1352 9.54446 0
29.706 9.75028 0
30.2766 9.96164 0
30.4667 10.0333 0
31.036 10.2521 0
31.6032 10.4765 0
32.1673 10.7065 0
32.7271 10.942 0
33.2816 11.1832 0
33.8296 11.43 0
34.3701 11.6824 0
34.902 11.9405 0
35.4242 12.2041 0
35.9356 12.4735 0
36.4351 12.7484 0
36.9216 13.029 0
37.3941 13.3153 0
37.8514 13.6073 0
38.2925 13.9049 0
38.7162 14.2082 0
39.1215 14.5172 0
39.5073 14.8319 0
39.8726 15.1522 0
40.2161 15.4783 0
40.5368 15.8101 0
40.8337 16.1477 0
41.1056 16.4909 0
41.3515 16.8399 0
41.5702 17.1947 0
41.7607 17.5551 0
41.9219 17.9214 0
42.0527 18.2934 0
42.1519 18.6712 0
42.2186 19.0547 0
42.2517 19.444 0
42.2499 19.8392 0
42.2124 20.2401 0
42.1917 20.375 0
42.105 20.7835 0
41.9823 21.1972 0
41.8251 21.6153 0
41.6345 22.0372 0
41.4119 22.4621 0
41.1587 22.8894 0
40.8762 23.3184 0
40.5657 23.7485 0
40.2286 24.1789 0
39.8662 24.6089 0
39.4798 25.0379 0
39.0708 25.4652 0
38.6405 25.8901 0
38.1903 26.312 0
37.7214 26.7301 0
37.2352 27.1437 0
36.733 27.5522 0
36.2162 27.9549 0
35.6861 28.3512 0
35.1441 28.7402 0
34.5914 29.1214 0
34.0294 29.494 0
33.4595 29.8575 0
32.8829 30.211 0
32.301 30.5539 0
31.7152 30.8856 0
31.1268 31.2053 0
30.537 31.5123 0
29.9473 31.8061 0
29.359 32.0858 0
28.7734 32.3508 0
28.1918 32.6005 0
27.6157 32.8341 0
27.425 32.9083 0
26.8579 33.1196 0
26.2981 33.3137 0
25.7458 33.4904 0
25.2013 33.6496 0
24.6648 33.7911 0
24.1364 33.9146 0
23.6163 34.0201 0
23.1048 34.1072 0
22.602 34.1759 0
22.1081 34.2259 0
21.6234 34.257 0
21.1479 34.269 0
20.682 34.2618 0
20.2258 34.2352 0
19.7796 34.1889 0
19.3434 34.1229 0
18.9175 34.0368 0
18.5022 33.9305 0
18.0975 33.8038 0
17.7038 33.6565 0
17.3212 33.4885 0
16.9498 33.2995 0
16.5899 33.0893 0
16.2418 32.8578 0
15.9055 32.6048 0
15.5813 32.3301 0
15.2693 32.0334 0
14.9699 31.7146 0
14.6831 31.3736 0
14.4092 31.01 0
14.1484 30.6238 0
13.9008 30.2147 0
13.6667 29.7825 0
13.5917 29.6333 0
13.3757 29.1704 0
13.1731 28.6856 0
12.9833 28.1804 0
12.806 27.6561 0
12.6407 27.1142 0
12.4871 26.5561 0
12.3446 25.9833 0
12.2129 25.3972 0
12.0916 24.7992 0
11.9802 24.1907 0
11.8783 23.5731 0
11.7856 22.948 0
11.7014 22.3166 0
11.6256 21.6805 0
11.5576 21.0411 0
11.4969 20.3998 0
11.4433 19.758 0
11.3962 19.1171 0
11.3553 18.4786 0
11.3201 17.8439 0
11.2902 17.2145 0
11.2651 16.5917 0
11.2446 15.977 0
11.228 15.3717 0
11.2151 14.7775 0
11.2054 14.1956 0
11.1984 13.6275 0
11.1938 13.0746 0
11.1912 12.5383 0
11.19 12.0201 0
11.19 11.5214 0
11.1906 11.0437 0
11.1914 10.5883 0
11.1917 10.4417 0
11.1923 10.0179 0
11.1933 9.61789 0
11.1949 9.24092 0
11.1979 8.88643 0
11.2028 8.55384 0
11.21 8.24257 0
11.2201 7.95202 0
11.2338 7.6816 0
11.2514 7.43073 0
11.2736 7.19882 0
11.3009 6.98527 0
11.3339 6.78951 0
11.373 6.61094 0
11.4189 6.44897 0
11.472 6.30302 0
11.5329 6.17249 0
11.6022 6.0568 0
11.6803 5.95536 0
11.7679 5.86758 0
11.8655 5.79287 0
11.9735 5.73064 0
12.0927 5.68031 0
12.2234 5.64128 0
12.3662 5.61297 0
12.5217 5.59479 0
12.6905 5.58615 0
12.873 5.58646 0
13.0698 5.59514 0
13.2815 5.61158 0
13.5085 5.63522 0
13.7514 5.66545 0
14.0109 5.70168 0
14.2873 5.74334 0
