0 0 0
0.0495605 0 0.0175308
0.0989349 0 0.0351761
0.148129 0 0.0529358
0.197144 0 0.0708054
0.245969 0 0.0887894
0.294617 0 0.106886
0.343079 0 0.125092
0.391367 0 0.143409
0.439471 0 0.161839
0.48739 0 0.180378
0.535129 0 0.199026
0.582687 0 0.217786
0.630066 0 0.236653
0.677264 0 0.25563
0.724277 0 0.274715
0.771115 0 0.293909
0.817767 0 0.313209
0.864243 0 0.332617
0.910541 0 0.352133
0.956653 0 0.371754
1.00259 0 0.39148
1.04835 0 0.411314
1.09392 0 0.431253
1.13931 0 0.451295
1.18453 0 0.471443
1.22957 0 0.491696
1.27443 0 0.512052
1.3191 0 0.532511
1.36361 0 0.553073
1.40793 0 0.57374
1.45207 0 0.594505
1.49604 0 0.615375
1.53983 0 0.636346
1.58344 0 0.657417
1.62687 0 0.67859
1.67012 0 0.699861
1.7132 0 0.721234
1.7561 0 0.742705
1.79882 0 0.764277
1.84137 0 0.785947
1.88374 0 0.807716
1.92592 0 0.829581
1.96794 0 0.851544
2.00978 0 0.873605
2.05144 0 0.895764
2.09293 0 0.918018
2.13423 0 0.940369
2.17537 0 0.962814
2.21633 0 0.985355
2.2571 0 1.00799
2.29771 0 1.03072
2.33814 0 1.05354
2.3784 0 1.07646
2.41848 0 1.09947
2.45838 0 1.12258
2.49812 0 1.14578
2.53767 0 1.16907
2.57706 0 1.19245
2.61627 0 1.21592
2.65529 0 1.23948
2.69415 0 1.26314
2.73284 0 1.28688
2.77135 0 1.31071
2.80969 0 1.33464
2.84785 0 1.35865
2.88584 0 1.38275
2.92366 0 1.40694
2.9613 0 1.43122
2.99877 0 1.45558
3.03607 0 1.48003
3.07319 0 1.50457
3.11015 0 1.5292
3.14693 0 1.55391
3.18353 0 1.5787
3.21997 0 1.60359
3.25623 0 1.62855
3.29233 0 1.6536
3.32825 0 1.67874
3.364 0 1.70396
3.39957 0 1.72926
3.43498 0 1.75464
3.47021 0 1.78011
3.50528 0 1.80566
3.54017 0 1.83129
3.5749 0 1.857
3.60945 0 1.8828
3.64383 0 1.90867
3.67805 0 1.93462
3.71208 0 1.96066
3.74596 0 1.98677
3.77966 0 2.01296
3.81319 0 2.03923
3.84655 0 2.06558
3.87975 0 2.09201
3.91277 0 2.11851
3.94562 0 2.14509
3.97831 0 2.17175
4.01082 0 2.19848
4.04317 0 2.22529
4.07535 0 2.25218
4.10736 0 2.27913
4.13921 0 2.30617
4.17088 0 2.33328
4.20239 0 2.36046
4.23373 0 2.38772
4.2649 0 2.41505
4.2959 0 2.44245
4.32673 0 2.46993
4.35741 0 2.49747
4.38791 0 2.52509
4.41824 0 2.55278
4.44841 0 2.58054
4.47842 0 2.60837
4.50825 0 2.63628
4.53792 0 2.66425
4.56743 0 2.69229
4.59676 0 2.7204
4.62593 0 2.74857
4.65494 0 2.77682
4.68377 0 2.80513
4.71245 0 2.83352
4.74095 0 2.86196
4.7693 0 2.89048
4.79747 0 2.91906
4.82549 0 2.9477
4.85334 0 2.97642
4.88102 0 3.00519
4.90854 0 3.03403
4.93589 0 3.06294
4.96308 0 3.09191
4.99011 0 3.12094
5.01697 0 3.15004
5.04367 0 3.1792
5.07021 0 3.20842
5.09658 0 3.2377
5.12278 0 3.26705
5.14883 0 3.29645
5.17471 0 3.32592
5.20043 0 3.35545
5.22599 0 3.38503
5.25138 0 3.41468
5.27661 0 3.44439
5.30168 0 3.47415
5.32658 0 3.50397
5.35132 0 3.53385
5.37591 0 3.56379
5.40033 0 3.59379
5.42458 0 3.62384
5.44868 0 3.65395
5.47262 0 3.68412
5.4964 0 3.71434
5.52 0 3.74462
5.54346 0 3.77495
5.56675 0 3.80533
5.58988 0 3.83578
5.61285 0 3.86627
5.63566 0 3.89682
5.65831 0 3.92742
5.6808 0 3.95807
5.70313 0 3.98878
5.7253 0 4.01954
5.7473 0 4.05034
5.76915 0 4.0812
5.79085 0 4.11211
5.81238 0 4.14307
5.83375 0 4.17409
5.85497 0 4.20514
5.87602 0 4.23626
5.89692 0 4.26742
5.91766 0 4.29862
5.93824 0 4.32988
5.95865 0 4.36118
5.97892 0 4.39253
5.99903 0 4.42392
6.01898 0 4.45537
6.03876 0 4.48686
6.0584 0 4.51839
6.07787 0 4.54997
6.09719 0 4.5816
6.11635 0 4.61327
6.13535 0 4.64498
6.15421 0 4.67674
6.17289 0 4.70854
6.19143 0 4.74038
6.20981 0 4.77227
6.22802 0 4.8042
6.24609 0 4.83617
6.264 0 4.86818
6.28176 0 4.90023
6.29935 0 4.93232
6.31679 0 4.96446
6.33408 0 4.99663
6.35121 0 5.02884
6.36819 0 5.06109
6.38502 0 5.09338
6.40168 0 5.12571
6.41819 0 5.15808
6.43455 0 5.19048
6.45075 0 5.22292
6.46681 0 5.2554
6.4827 0 5.28792
6.49844 0 5.32047
6.51403 0 5.35305
6.52946 0 5.38567
6.54474 0 5.41833
6.55986 0 5.45102
6.57484 0 5.48374
6.58966 0 5.5165
6.60433 0 5.54929
6.61884 0 5.58212
6.6332 0 5.61497
6.64741 0 5.64786
6.66147 0 5.68078
6.67538 0 5.71374
6.68913 0 5.74672
6.70273 0 5.77973
6.71618 0 5.81278
6.72948 0 5.84585
6.74262 0 5.87895
6.75562 0 5.91208
6.76846 0 5.94524
6.78116 0 5.97843
6.7937 0 6.01165
6.80609 0 6.04489
6.81833 0 6.07816
6.83042 0 6.11146
6.84236 0 6.14478
6.85414 0 6.17813
6.86578 0 6.21151
6.87727 0 6.24491
6.88861 0 6.27833
6.8998 0 6.31178
6.91084 0 6.34526
6.92173 0 6.37875
6.93247 0 6.41227
6.94307 0 6.44582
6.95351 0 6.47938
6.9638 0 6.51297
6.97395 0 6.54658
6.98395 0 6.58021
6.9938 0 6.61386
7.0035 0 6.64753
7.01305 0 6.68122
7.02245 0 6.71493
7.03171 0 6.74866
7.04082 0 6.78241
7.04978 0 6.81618
7.0586 0 6.84997
7.06727 0 6.88377
7.07579 0 6.91759
7.08416 0 6.95143
7.09239 0 6.98528
7.10046 0 7.01916
7.1084 0 7.05304
7.11619 0 7.08694
7.12383 0 7.12086
7.13132 0 7.1548
7.13867 0 7.18874
7.14587 0 7.2227
7.15293 0 7.25668
7.15984 0 7.29066
7.16661 0 7.32466
7.17324 0 7.35868
7.17971 0 7.3927
7.18604 0 7.42674
7.19223 0 7.46078
7.19827 0 7.49484
7.20417 0 7.52891
7.20992 0 7.56298
7.21553 0 7.59707
7.22099 0 7.63117
7.22632 0 7.66528
7.23149 0 7.69939
7.23652 0 7.73351
7.24142 0 7.76764
7.24616 0 7.80178
7.25077 0 7.83592
7.25522 0 7.87007
7.25954 0 7.90423
7.26372 0 7.93839
7.26776 0 7.97256
7.27164 0 8.00673
7.27539 0 8.04091
7.279 0 8.07509
7.28246 0 8.10927
7.28578 0 8.14347
7.28896 0 8.17766
7.29199 0 8.21185
7.29489 0 8.24605
7.29764 0 8.28025
7.30026 0 8.31445
7.30273 0 8.34865
7.30506 0 8.38285
7.30726 0 8.41705
7.30931 0 8.45125
7.31122 0 8.48545
7.31299 0 8.51966
7.31462 0 8.55386
7.31611 0 8.58805
7.31745 0 8.62225
7.31866 0 8.65644
7.31973 0 8.69064
7.32066 0 8.72483
7.32145 0 8.75901
7.3221 0 8.79319
7.32262 0 8.82736
7.32299 0 8.86154
7.32323 0 8.8957
7.32332 0 8.92986
7.32329 0 8.96402
7.3231 0 8.99817
7.32278 0 9.03231
7.32233 0 9.06644
7.32173 0 9.10057
7.321 0 9.13469
7.32013 0 9.1688
7.31912 0 9.2029
7.31798 0 9.237
7.3167 0 9.27108
7.31528 0 9.30516
7.31372 0 9.33922
7.31203 0 9.37328
7.3102 0 9.40732
7.30823 0 9.44135
7.30613 0 9.47537
7.30389 0 9.50938
7.30152 0 9.54338
7.29901 0 9.57736
7.29636 0 9.61133
7.29358 0 9.64528
7.29066 0 9.67923
7.28762 0 9.71315
7.28442 0 9.74707
7.28333 0 9.75833
7.27997 0 9.79223
7.27646 0 9.8261
7.27283 0 9.85996
7.26906 0 9.89381
7.26515 0 9.92764
7.26111 0 9.96145
7.25694 0 9.99524
7.25264 0 10.029
7.24819 0 10.0628
7.24363 0 10.0965
7.23892 0 10.1302
7.23408 0 10.1639
7.22911 0 10.1976
7.22402 0 10.2313
7.21879 0 10.2649
7.21342 0 10.2986
7.20793 0 10.3322
7.2023 0 10.3658
7.19655 0 10.3993
7.19066 0 10.4329
7.18464 0 10.4664
7.1785 0 10.4999
7.17222 0 10.5334
7.16582 0 10.5668
7.15928 0 10.6002
7.15262 0 10.6337
7.14583 0 10.667
7.13891 0 10.7004
7.13186 0 10.7337
7.12468 0 10.7671
7.11738 0 10.8003
7.10995 0 10.8336
7.10239 0 10.8668
7.0947 0 10.9001
7.08689 0 10.9332
7.07895 0 10.9664
7.07089 0 10.9995
7.0627 0 11.0326
7.05438 0 11.0657
7.04594 0 11.0988
7.03737 0 11.1318
7.02868 0 11.1648
7.01987 0 11.1978
7.01092 0 11.2307
7.00186 0 11.2636
6.99267 0 11.2965
6.98336 0 11.3294
6.97392 0 11.3622
6.96436 0 11.395
6.95467 0 11.4277
6.94487 0 11.4605
6.93494 0 11.4932
6.92489 0 11.5258
6.91472 0 11.5585
6.90443 0 11.5911
6.89401 0 11.6237
6.88347 0 11.6562
6.87281 0 11.6887
6.86203 0 11.7212
6.85113 0 11.7536
6.84011 0 11.786
6.82897 0 11.8184
6.81771 0 11.8507
6.80633 0 11.883
6.79483 0 11.9153
6.78321 0 11.9475
6.77147 0 11.9797
6.75962 0 12.0119
6.74764 0 12.044
6.73555 0 12.0761
6.72334 0 12.1081
6.71101 0 12.1402
6.69857 0 12.1721
6.68601 0 12.2041
6.67333 0 12.236
6.66053 0 12.2678
6.64762 0 12.2997
6.63459 0 12.3314
6.62144 0 12.3632
6.60818 0 12.3949
6.59481 0 12.4265
6.58132 0 12.4582
6.56771 0 12.4897
6.55399 0 12.5213
6.54016 0 12.5528
6.52621 0 12.5842
6.51214 0 12.6157
6.49797 0 12.647
6.48368 0 12.6784
6.46927 0 12.7096
6.45475 0 12.7409
6.44012 0 12.7721
6.42538 0 12.8032
6.41053 0 12.8344
6.39556 0 12.8654
6.38048 0 12.8964
6.36529 0 12.9274
6.34999 0 12.9584
6.33458 0 12.9892
6.31906 0 13.0201
6.30342 0 13.0509
6.28768 0 13.0816
6.27183 0 13.1123
6.25587 0 13.143
6.23979 0 13.1736
6.22361 0 13.2041
6.20732 0 13.2347
6.19092 0 13.2651
6.17441 0 13.2955
6.15779 0 13.3259
6.14106 0 13.3562
6.12423 0 13.3865
6.10729 0 13.4167
6.09024 0 13.4468
6.07309 0 13.477
6.05582 0 13.507
6.03845 0 13.537
6.02098 0 13.567
6.0034 0 13.5969
5.98571 0 13.6267
5.96791 0 13.6566
5.95002 0 13.6863
5.93201 0 13.716
5.9139 0 13.7456
5.89569 0 13.7752
5.87737 0 13.8048
5.85895 0 13.8342
5.84042 0 13.8637
5.8218 0 13.893
5.80306 0 13.9224
5.78422 0 13.9516
5.76528 0 13.9808
5.74623 0 14.01
5.7271 0 14.0391
5.70785 0 14.0681
5.6885 0 14.0971
5.66905 0 14.126
5.64949 0 14.1548
5.62984 0 14.1836
5.61009 0 14.2124
5.59023 0 14.2411
5.57028 0 14.2697
5.55022 0 14.2983
5.53006 0 14.3268
5.5098 0 14.3552
5.48945 0 14.3836
5.46899 0 14.4119
5.44844 0 14.4402
5.42778 0 14.4684
5.40703 0 14.4965
5.38619 0 14.5246
5.36523 0 14.5526
5.34419 0 14.5806
5.32305 0 14.6085
5.3018 0 14.6363
5.28046 0 14.6641
5.25903 0 14.6918
5.2375 0 14.7194
5.21587 0 14.747
5.19415 0 14.7745
5.17233 0 14.802
5.15041 0 14.8293
5.1284 0 14.8567
5.1063 0 14.8839
5.08409 0 14.9111
5.0618 0 14.9382
5.0394 0 14.9653
5.01692 0 14.9922
4.99435 0 15.0191
4.97167 0 15.046
4.9489 0 15.0728
4.92604 0 15.0995
4.90309 0 15.1261
4.88005 0 15.1527
4.85691 0 15.1792
4.83368 0 15.2056
4.81036 0 15.232
4.78695 0 15.2583
4.76344 0 15.2845
4.73984 0 15.3107
4.71616 0 15.3367
4.69238 0 15.3628
4.66852 0 15.3887
4.64456 0 15.4146
4.6205 0 15.4403
4.59636 0 15.4661
4.57214 0 15.4917
4.54781 0 15.5173
4.52341 0 15.5428
4.49892 0 15.5682
4.47433 0 15.5936
4.44966 0 15.6188
4.4249 0 15.644
4.40005 0 15.6692
4.37512 0 15.6942
4.35009 0 15.7192
4.32499 0 15.7441
4.29978 0 15.7689
4.27451 0 15.7937
4.24913 0 15.8183
4.22368 0 15.8429
4.19813 0 15.8674
4.17251 0 15.8919
4.1468 0 15.9162
4.121 0 15.9405
4.09511 0 15.9647
4.06914 0 15.9888
4.0431 0 16.0129
4.01696 0 16.0368
3.99073 0 16.0607
3.96443 0 16.0845
3.93805 0 16.1082
3.91157 0 16.1319
3.88502 0 16.1554
3.85838 0 16.1789
3.83166 0 16.2023
3.80486 0 16.2256
3.77798 0 16.2488
3.75102 0 16.272
3.72397 0 16.295
3.69684 0 16.318
3.66964 0 16.3409
3.64234 0 16.3637
3.61497 0 16.3865
3.58752 0 16.4091
3.55999 0 16.4316
3.53238 0 16.4541
3.50469 0 16.4765
3.47693 0 16.4988
3.44908 0 16.521
3.42115 0 16.5431
3.39315 0 16.5652
3.36506 0 16.5871
3.3369 0 16.609
3.30866 0 16.6308
3.28035 0 16.6525
3.25195 0 16.674
3.22347 0 16.6956
3.19493 0 16.717
3.16631 0 16.7383
3.13761 0 16.7596
3.10883 0 16.7807
3.07997 0 16.8018
3.05105 0 16.8227
3.02204 0 16.8436
2.99296 0 16.8644
2.96381 0 16.8851
2.93458 0 16.9057
2.90528 0 16.9262
2.8759 0 16.9466
2.84645 0 16.9669
2.81693 0 16.9872
2.78732 0 17.0073
2.75765 0 17.0274
2.72791 0 17.0473
2.69809 0 17.0672
2.6682 0 17.0869
2.63824 0 17.1066
2.60821 0 17.1262
2.5781 0 17.1456
2.54792 0 17.165
2.51768 0 17.1843
2.48736 0 17.2035
2.45697 0 17.2226
2.42651 0 17.2416
2.39598 0 17.2605
2.36538 0 17.2793
2.3347 0 17.298
2.30397 0 17.3166
2.27316 0 17.3351
2.24228 0 17.3535
2.21133 0 17.3718
2.18032 0 17.39
2.14923 0 17.4081
2.11808 0 17.4261
2.08686 0 17.444
2.05558 0 17.4618
2.02422 0 17.4795
1.9928 0 17.4971
1.96131 0 17.5146
1.92976 0 17.532
1.89813 0 17.5492
1.86644 0 17.5664
1.8347 0 17.5835
1.80287 0 17.6005
1.77099 0 17.6174
1.73904 0 17.6342
1.70703 0 17.6508
1.67495 0 17.6674
1.6428 0 17.6839
1.6106 0 17.7002
1.57833 0 17.7164
1.54599 0 17.7326
1.51359 0 17.7486
1.48113 0 17.7646
1.44861 0 17.7804
1.41602 0 17.7961
1.38337 0 17.8117
1.35066 0 17.8272
1.31789 0 17.8426
1.28505 0 17.8579
1.25215 0 17.8731
1.21919 0 17.8881
1.18618 0 17.9031
1.1531 0 17.9179
1.11996 0 17.9327
1.08676 0 17.9473
1.0535 0 17.9618
1.02017 0 17.9762
0.986798 0 17.9905
0.953354 0 18.0047
0.919858 0 18.0187
0.886301 0 18.0327
0.852686 0 18.0466
0.819012 0 18.0603
0.785284 0 18.0739
0.751489 0 18.0874
0.717645 0 18.1008
0.68374 0 18.1141
0.64978 0 18.1272
0.615765 0 18.1403
0.581686 0 18.1532
0.547559 0 18.166
0.513367 0 18.1787
0.479126 0 18.1913
0.444824 0 18.2038
0.410474 0 18.2162
0.376068 0 18.2284
0.341602 0 18.2405
0.307086 0 18.2525
0.272516 0 18.2644
0.237888 0 18.2762
0.203207 0 18.2878
0.191669 0 18.2917
0.156918 0 18.3032
0.122113 0 18.3145
0.0872528 0 18.3258
0.0523407 0 18.3369
0.0173798 0 18.3479
-0.0176392 0 18.3588
-0.0527039 0 18.3696
-0.0878204 0 18.3803
-0.122989 0 18.3908
-0.158209 0 18.4013
-0.193475 0 18.4116
-0.228802 0 18.4218
-0.264175 0 18.4319
-0.299591 0 18.4419
-0.335062 0 18.4517
-0.370581 0 18.4615
-0.406152 0 18.4711
-0.441766 0 18.4806
-0.477429 0 18.4901
-0.513141 0 18.4993
-0.548904 0 18.5085
-0.584708 0 18.5176
-0.620563 0 18.5266
-0.656464 0 18.5354
-0.69241 0 18.5442
-0.728406 0 18.5528
-0.764441 0 18.5613
-0.800528 0 18.5697
-0.836652 0 18.578
-0.87283 0 18.5862
-0.909048 0 18.5943
-0.945313 0 18.6023
-0.981619 0 18.6101
-1.01797 0 18.6179
-1.05436 0 18.6255
-1.0908 0 18.6331
-1.12728 0 18.6405
-1.16381 0 18.6478
-1.20037 0 18.6551
-1.23698 0 18.6622
-1.27362 0 18.6692
-1.31031 0 18.6761
-1.34705 0 18.6829
-1.38381 0 18.6896
-1.42062 0 18.6962
-1.45747 0 18.7027
-1.49437 0 18.709
-1.53129 0 18.7153
-1.56827 0 18.7215
-1.60528 0 18.7276
-1.64232 0 18.7336
-1.67941 0 18.7394
-1.71653 0 18.7452
-1.75369 0 18.7509
-1.79089 0 18.7564
-1.82813 0 18.7619
-1.8654 0 18.7673
-1.90271 0 18.7725
-1.94005 0 18.7777
-1.97744 0 18.7828
-2.01485 0 18.7878
-2.0523 0 18.7926
-2.08979 0 18.7974
-2.12731 0 18.8021
-2.16487 0 18.8067
-2.20245 0 18.8111
-2.24008 0 18.8155
-2.27773 0 18.8198
-2.31542 0 18.824
-2.35315 0 18.8281
-2.3909 0 18.8321
-2.42869 0 18.836
-2.46651 0 18.8398
-2.50436 0 18.8435
-2.54225 0 18.8471
-2.58016 0 18.8507
-2.6181 0 18.8541
-2.65608 0 18.8574
-2.69409 0 18.8607
-2.73212 0 18.8638
-2.77018 0 18.8669
-2.80828 0 18.8699
-2.8464 0 18.8728
-2.88455 0 18.8755
-2.92274 0 18.8782
-2.96094 0 18.8808
-2.99918 0 18.8834
-3.03744 0 18.8858
-3.07573 0 18.8881
-3.11405 0 18.8904
-3.15239 0 18.8925
-3.19076 0 18.8946
-3.22916 0 18.8966
-3.26758 0 18.8985
-3.30603 0 18.9003
-3.3445 0 18.902
-3.383 0 18.9036
-3.42152 0 18.9052
-3.46006 0 18.9066
-3.49863 0 18.908
-3.53723 0 18.9093
-3.57584 0 18.9105
-3.61448 0 18.9116
-3.65314 0 18.9127
-3.69183 0 18.9136
-3.73054 0 18.9145
-3.76926 0 18.9152
-3.80801 0 18.9159
-3.84679 0 18.9166
-3.88557 0 18.9171
-3.92439 0 18.9175
-3.96322 0 18.9179
-4.00208 0 18.9182
-4.04095 0 18.9184
-4.07984 0 18.9185
-4.11875 0 18.9186
-4.15768 0 18.9185
-4.19663 0 18.9184
-4.23559 0 18.9182
-4.27458 0 18.918
-4.31358 0 18.9176
-4.3526 0 18.9172
-4.39163 0 18.9167
-4.43069 0 18.9161
-4.46976 0 18.9154
-4.50884 0 18.9147
-4.54794 0 18.9138
-4.58706 0 18.9129
-4.62619 0 18.912
-4.66534 0 18.9109
-4.7045 0 18.9098
-4.74367 0 18.9086
-4.78286 0 18.9073
-4.82206 0 18.906
-4.86128 0 18.9045
-4.90051 0 18.903
-4.93976 0 18.9015
-4.97901 0 18.8998
-5.01828 0 18.8981
-5.05755 0 18.8963
-5.09684 0 18.8944
-5.13615 0 18.8925
-5.17546 0 18.8905
-5.21478 0 18.8884
-5.25412 0 18.8863
-5.29346 0 18.8841
-5.33282 0 18.8818
-5.37218 0 18.8794
-5.41155 0 18.877
-5.45093 0 18.8745
-5.49032 0 18.8719
-5.52972 0 18.8693
-5.56913 0 18.8666
-5.60854 0 18.8638
-5.64796 0 18.861
-5.68739 0 18.858
-5.72683 0 18.8551
-5.76627 0 18.852
-5.80572 0 18.8489
-5.84517 0 18.8457
-5.88463 0 18.8425
-5.9241 0 18.8392
-5.96357 0 18.8358
-6.00304 0 18.8324
-6.04252 0 18.8289
-6.082 0 18.8253
-6.12149 0 18.8217
-6.16098 0 18.818
-6.20048 0 18.8143
-6.23997 0 18.8104
-6.27947 0 18.8066
-6.31897 0 18.8026
-6.35848 0 18.7986
-6.39798 0 18.7946
-6.43748 0 18.7904
-6.477 0 18.7862
-6.51651 0 18.782
-6.55602 0 18.7777
-6.59552 0 18.7733
-6.63503 0 18.7689
-6.67454 0 18.7644
-6.71405 0 18.7599
-6.75356 0 18.7553
-6.79306 0 18.7506
-6.83257 0 18.7459
-6.87207 0 18.7411
-6.91157 0 18.7363
-6.95107 0 18.7314
-6.99056 0 18.7265
-7.03005 0 18.7215
-7.06954 0 18.7164
-7.10903 0 18.7113
-7.1485 0 18.7061
-7.18798 0 18.7009
-7.22745 0 18.6956
-7.26692 0 18.6903
-7.30638 0 18.6849
-7.34584 0 18.6795
-7.38529 0 18.674
-7.42473 0 18.6685
-7.46417 0 18.6629
-7.5036 0 18.6572
-7.54303 0 18.6515
-7.58245 0 18.6458
-7.62186 0 18.64
-7.66125 0 18.6341
-7.70065 0 18.6282
-7.74003 0 18.6223
-7.77941 0 18.6163
-7.81878 0 18.6102
-7.85814 0 18.6041
-7.89749 0 18.598
-7.93682 0 18.5918
-7.97615 0 18.5855
-8.01547 0 18.5792
-8.05477 0 18.5729
-8.09407 0 18.5665
-8.13335 0 18.5601
-8.17262 0 18.5536
-8.21188 0 18.5471
-8.25113 0 18.5405
-8.29036 0 18.5339
-8.32958 0 18.5272
-8.36879 0 18.5205
-8.40799 0 18.5138
-8.44717 0 18.507
-8.48634 0 18.5001
-8.52549 0 18.4932
-8.56463 0 18.4863
-8.60375 0 18.4793
-8.64286 0 18.4723
-8.68195 0 18.4653
-8.72102 0 18.4582
-8.76008 0 18.451
-8.79912 0 18.4439
-8.83815 0 18.4367
-8.87715 0 18.4294
-8.91615 0 18.4221
-8.95512 0 18.4148
-8.99408 0 18.4074
-9.03301 0 18.4
-9.07193 0 18.3925
-9.11083 0 18.385
-9.14971 0 18.3775
-9.18857 0 18.3699
-9.22741 0 18.3623
-9.26623 0 18.3547
-9.30503 0 18.347
-9.34381 0 18.3393
-9.38257 0 18.3315
-9.4213 0 18.3237
-9.46002 0 18.3159
-9.49871 0 18.308
-9.53738 0 18.3001
-9.57603 0 18.2922
-9.61465 0 18.2842
-9.65326 0 18.2762
-9.69184 0 18.2682
-9.73039 0 18.2602
-9.76892 0 18.2521
-9.80743 0 18.2439
-9.8459 0 18.2358
-9.88437 0 18.2276
-9.9228 0 18.2193
-9.9612 0 18.2111
-9.99958 0 18.2028
-10.0379 0 18.1945
-10.0763 0 18.1861
-10.1146 0 18.1778
-10.1528 0 18.1694
-10.1911 0 18.1609
-10.2293 0 18.1525
-10.2675 0 18.144
-10.3057 0 18.1354
-10.3438 0 18.1269
-10.3819 0 18.1183
-10.42 0 18.1097
-10.458 0 18.1011
-10.496 0 18.0924
-10.534 0 18.0837
-10.572 0 18.075
-10.6099 0 18.0663
-10.6478 0 18.0575
-10.6857 0 18.0488
-10.7235 0 18.0399
-10.7613 0 18.0311
-10.799 0 18.0223
-10.8368 0 18.0134
-10.8745 0 18.0045
-10.9122 0 17.9956
-10.9498 0 17.9866
-10.9874 0 17.9776
-11.025 0 17.9686
-11.0625 0 17.9596
-11.1 0 17.9506
-11.1375 0 17.9415
-11.1749 0 17.9325
-11.2123 0 17.9234
-11.2496 0 17.9142
-11.287 0 17.9051
-11.3242 0 17.896
-11.3615 0 17.8868
-11.3987 0 17.8776
-11.4359 0 17.8684
-11.473 0 17.8591
-11.5101 0 17.8499
-11.5472 0 17.8406
-11.5842 0 17.8314
-11.6212 0 17.8221
-11.6581 0 17.8127
-11.695 0 17.8034
-11.7319 0 17.7941
-11.7687 0 17.7847
-11.8055 0 17.7753
-11.8423 0 17.766
-11.879 0 17.7566
-11.9156 0 17.7471
-11.9522 0 17.7377
-11.9888 0 17.7283
-12.0254 0 17.7188
-12.0619 0 17.7093
-12.0983 0 17.6999
-12.1347 0 17.6904
-12.1711 0 17.6809
-12.2074 0 17.6713
-12.2437 0 17.6618
-12.2799 0 17.6523
-12.3161 0 17.6427
-12.3523 0 17.6332
-12.3884 0 17.6236
-12.4244 0 17.614
-12.4604 0 17.6045
-12.4964 0 17.5949
-12.5083 0 17.5917
-12.5442 0 17.5821
-12.5801 0 17.5724
-12.6159 0 17.5628
-12.6517 0 17.5532
-12.6874 0 17.5436
-12.723 0 17.5339
-12.7587 0 17.5243
-12.7942 0 17.5146
-12.8298 0 17.5049
-12.8653 0 17.4953
-12.9007 0 17.4856
-12.9361 0 17.4759
-12.9714 0 17.4662
-13.0067 0 17.4564
-13.042 0 17.4467
-13.0772 0 17.437
-13.1123 0 17.4273
-13.1474 0 17.4175
-13.1825 0 17.4077
-13.2175 0 17.398
-13.2525 0 17.3882
-13.2874 0 17.3784
-13.3223 0 17.3686
-13.3571 0 17.3588
-13.3919 0 17.349
-13.4266 0 17.3392
-13.4613 0 17.3293
-13.496 0 17.3195
-13.5306 0 17.3096
-13.5651 0 17.2998
-13.5996 0 17.2899
-13.6341 0 17.28
-13.6685 0 17.2701
-13.7028 0 17.2602
-13.7371 0 17.2503
-13.7714 0 17.2404
-13.8056 0 17.2305
-13.8398 0 17.2205
-13.8739 0 17.2106
-13.908 0 17.2006
-13.942 0 17.1907
-13.976 0 17.1807
-14.0099 0 17.1707
-14.0438 0 17.1607
-14.0776 0 17.1507
-14.1114 0 17.1406
-14.1451 0 17.1306
-14.1788 0 17.1206
-14.2125 0 17.1105
-14.2461 0 17.1004
-14.2796 0 17.0904
-14.3131 0 17.0803
-14.3466 0 17.0702
-14.38 0 17.0601
-14.4134 0 17.05
-14.4467 0 17.0398
-14.4799 0 17.0297
-14.5131 0 17.0195
-14.5463 0 17.0094
-14.5794 0 16.9992
-14.6125 0 16.989
-14.6455 0 16.9788
-14.6785 0 16.9686
-14.7114 0 16.9584
-14.7443 0 16.9481
-14.7771 0 16.9379
-14.8099 0 16.9276
-14.8427 0 16.9174
-14.8753 0 16.9071
-14.908 0 16.8968
-14.9406 0 16.8865
-14.9731 0 16.8762
-15.0056 0 16.8659
-15.0381 0 16.8555
-15.0705 0 16.8452
-15.1028 0 16.8348
-15.1351 0 16.8244
-15.1674 0 16.8141
-15.1996 0 16.8037
-15.2317 0 16.7933
-15.2638 0 16.7828
-15.2959 0 16.7724
-15.3279 0 16.7619
-15.3598 0 16.7515
-15.3918 0 16.741
-15.4236 0 16.7305
-15.4554 0 16.72
-15.4872 0 16.7095
-15.5189 0 16.699
-15.5506 0 16.6885
-15.5822 0 16.6779
-15.6138 0 16.6674
-15.6453 0 16.6568
-15.6768 0 16.6462
-15.7082 0 16.6356
-15.7396 0 16.625
-15.7709 0 16.6143
-15.8022 0 16.6037
-15.8334 0 16.5931
-15.8646 0 16.5824
-15.8957 0 16.5717
-15.9268 0 16.561
-15.9578 0 16.5503
-15.9888 0 16.5396
-16.0197 0 16.5289
-16.0506 0 16.5181
-16.0815 0 16.5073
-16.1123 0 16.4966
-16.143 0 16.4858
-16.1737 0 16.475
-16.2043 0 16.4642
-16.2349 0 16.4533
-16.2654 0 16.4425
-16.2959 0 16.4316
-16.3264 0 16.4208
-16.3568 0 16.4099
-16.3871 0 16.399
-16.4174 0 16.3881
-16.4476 0 16.3771
-16.4778 0 16.3662
-16.508 0 16.3552
-16.5381 0 16.3443
-16.5681 0 16.3333
-16.5981 0 16.3223
-16.6281 0 16.3112
-16.658 0 16.3002
-16.6878 0 16.2892
-16.7176 0 16.2781
-16.7473 0 16.267
-16.777 0 16.2559
-16.8067 0 16.2448
-16.8363 0 16.2337
-16.8658 0 16.2226
-16.8953 0 16.2114
-16.9248 0 16.2003
-16.9542 0 16.1891
-16.9835 0 16.1779
-17.0128 0 16.1667
-17.0421 0 16.1555
-17.0713 0 16.1442
-17.1004 0 16.133
-17.1295 0 16.1217
-17.1585 0 16.1104
-17.1875 0 16.0991
-17.2165 0 16.0878
-17.2454 0 16.0764
-17.2742 0 16.0651
-17.303 0 16.0537
-17.3318 0 16.0423
-17.3605 0 16.0309
-17.3891 0 16.0195
-17.4177 0 16.0081
-17.4462 0 15.9966
-17.4747 0 15.9852
-17.5032 0 15.9737
-17.5316 0 15.9622
-17.5599 0 15.9507
-17.5882 0 15.9392
-17.6164 0 15.9276
-17.6446 0 15.916
-17.6728 0 15.9045
-17.7008 0 15.8929
-17.7289 0 15.8813
-17.7569 0 15.8696
-17.7848 0 15.858
-17.8127 0 15.8463
-17.8405 0 15.8346
-17.8683 0 15.823
-17.896 0 15.8112
-17.9237 0 15.7995
-17.9513 0 15.7878
-17.9789 0 15.776
-18.0065 0 15.7642
-18.0339 0 15.7524
-18.0614 0 15.7406
-18.0887 0 15.7288
-18.1161 0 15.7169
-18.1433 0 15.7051
-18.1705 0 15.6932
-18.1977 0 15.6813
-18.2248 0 15.6694
-18.2519 0 15.6574
-18.2789 0 15.6455
-18.3059 0 15.6335
-18.3328 0 15.6215
-18.3597 0 15.6095
-18.3865 0 15.5975
-18.4132 0 15.5854
-18.4399 0 15.5734
-18.4666 0 15.5613
-18.4932 0 15.5492
-18.5198 0 15.5371
-18.5463 0 15.5249
-18.5727 0 15.5128
-18.5991 0 15.5006
-18.6255 0 15.4884
-18.6518 0 15.4762
-18.678 0 15.464
-18.7042 0 15.4517
-18.7303 0 15.4395
-18.7564 0 15.4272
-18.7825 0 15.4149
-18.8084 0 15.4026
-18.8344 0 15.3902
-18.8603 0 15.3779
-18.8861 0 15.3655
-18.9119 0 15.3531
-18.9376 0 15.3407
-18.9633 0 15.3282
-18.9889 0 15.3158
-19.0145 0 15.3033
-19.04 0 15.2908
-19.0654 0 15.2783
-19.0909 0 15.2658
-19.1162 0 15.2532
-19.1415 0 15.2407
-19.1668 0 15.2281
-19.192 0 15.2155
-19.2171 0 15.2029
-19.2423 0 15.1902
-19.2673 0 15.1775
-19.2923 0 15.1649
-19.3172 0 15.1521
-19.3421 0 15.1394
-19.367 0 15.1267
-19.3918 0 15.1139
-19.4165 0 15.1011
-19.4412 0 15.0883
-19.4658 0 15.0755
-19.4904 0 15.0627
-19.5149 0 15.0498
-19.5394 0 15.0369
-19.5638 0 15.024
-19.5882 0 15.0111
-19.6125 0 14.9981
-19.6367 0 14.9852
-19.6609 0 14.9722
-19.6851 0 14.9592
-19.7092 0 14.9461
-19.7333 0 14.9331
-19.7572 0 14.92
-19.7812 0 14.9069
-19.8051 0 14.8938
-19.8289 0 14.8807
-19.8527 0 14.8675
-19.8764 0 14.8543
-19.9001 0 14.8411
-19.9237 0 14.8279
-19.9473 0 14.8147
-19.9708 0 14.8014
-19.9943 0 14.7881
-20.0177 0 14.7748
-20.0411 0 14.7615
-20.0644 0 14.7482
-20.0876 0 14.7348
-20.1109 0 14.7214
-20.134 0 14.708
-20.1571 0 14.6946
-20.1801 0 14.6811
-20.2031 0 14.6676
-20.2261 0 14.6542
-20.2489 0 14.6406
-20.2718 0 14.6271
-20.2945 0 14.6135
-20.3173 0 14.5999
-20.3399 0 14.5863
-20.3625 0 14.5727
-20.3851 0 14.5591
-20.4076 0 14.5454
-20.4301 0 14.5317
-20.4525 0 14.518
-20.4748 0 14.5042
-20.4971 0 14.4905
-20.5193 0 14.4767
-20.5415 0 14.4629
-20.5637 0 14.4491
-20.5857 0 14.4352
-20.6078 0 14.4213
-20.6297 0 14.4074
-20.6516 0 14.3935
-20.6735 0 14.3796
-20.6953 0 14.3656
-20.7171 0 14.3516
-20.7388 0 14.3376
-20.7604 0 14.3236
-20.782 0 14.3095
-20.8035 0 14.2954
-20.825 0 14.2813
-20.8465 0 14.2672
-20.8678 0 14.253
-20.8892 0 14.2389
-20.9104 0 14.2247
-20.9316 0 14.2104
-20.9528 0 14.1962
-20.9739 0 14.1819
-20.9949 0 14.1676
-21.0159 0 14.1533
-21.0369 0 14.139
-21.0578 0 14.1246
-21.0786 0 14.1102
-21.0994 0 14.0958
-21.1201 0 14.0814
-21.1408 0 14.0669
-21.1614 0 14.0524
-21.1819 0 14.0379
-21.2024 0 14.0234
-21.2229 0 14.0088
-21.2433 0 13.9943
-21.2636 0 13.9797
-21.2839 0 13.965
-21.3042 0 13.9504
-21.3243 0 13.9357
-21.3445 0 13.921
-21.3645 0 13.9063
-21.3845 0 13.8915
-21.4045 0 13.8767
-21.4244 0 13.8619
-21.4442 0 13.8471
-21.464 0 13.8323
-21.4838 0 13.8174
-21.5035 0 13.8025
-21.5231 0 13.7876
-21.5427 0 13.7726
-21.5622 0 13.7576
-21.5816 0 13.7426
-21.601 0 13.7276
-21.6204 0 13.7126
-21.6397 0 13.6975
-21.6589 0 13.6824
-21.6781 0 13.6673
-21.6973 0 13.6521
-21.7163 0 13.6369
-21.7354 0 13.6217
-21.7417 0 13.6167
-21.7606 0 13.6014
-21.7795 0 13.5862
-21.7983 0 13.5709
-21.8171 0 13.5556
-21.8359 0 13.5402
-21.8545 0 13.5249
-21.8731 0 13.5095
-21.8917 0 13.494
-21.9102 0 13.4786
-21.9286 0 13.4631
-21.947 0 13.4476
-21.9654 0 13.4321
-21.9837 0 13.4166
-22.0019 0 13.401
-22.0201 0 13.3854
-22.0382 0 13.3698
-22.0562 0 13.3541
-22.0743 0 13.3385
-22.0922 0 13.3228
-22.1101 0 13.307
-22.1279 0 13.2913
-22.1457 0 13.2755
-22.1635 0 13.2597
-22.1811 0 13.2439
-22.1988 0 13.228
-22.2163 0 13.2122
-22.2338 0 13.1963
-22.2513 0 13.1803
-22.2687 0 13.1644
-22.286 0 13.1484
-22.3033 0 13.1324
-22.3206 0 13.1164
-22.3377 0 13.1003
-22.3549 0 13.0842
-22.3719 0 13.0681
-22.3889 0 13.052
-22.4059 0 13.0358
-22.4228 0 13.0196
-22.4396 0 13.0034
-22.4564 0 12.9872
-22.4732 0 12.9709
-22.4899 0 12.9546
-22.5065 0 12.9383
-22.5231 0 12.922
-22.5396 0 12.9056
-22.556 0 12.8892
-22.5724 0 12.8728
-22.5888 0 12.8564
-22.6051 0 12.8399
-22.6213 0 12.8234
-22.6375 0 12.8069
-22.6537 0 12.7904
-22.6697 0 12.7738
-22.6858 0 12.7572
-22.7017 0 12.7406
-22.7176 0 12.724
-22.7335 0 12.7073
-22.7493 0 12.6906
-22.765 0 12.6739
-22.7807 0 12.6571
-22.7964 0 12.6404
-22.8119 0 12.6236
-22.8275 0 12.6068
-22.8429 0 12.5899
-22.8584 0 12.573
-22.8737 0 12.5561
-22.889 0 12.5392
-22.9043 0 12.5223
-22.9195 0 12.5053
-22.9346 0 12.4883
-22.9497 0 12.4713
-22.9647 0 12.4542
-22.9797 0 12.4372
-22.9946 0 12.4201
-23.0095 0 12.4029
-23.0243 0 12.3858
-23.0391 0 12.3686
-23.0538 0 12.3514
-23.0684 0 12.3342
-23.083 0 12.3169
-23.0975 0 12.2997
-23.112 0 12.2824
-23.1265 0 12.265
-23.1408 0 12.2477
-23.1551 0 12.2303
-23.1694 0 12.2129
-23.1836 0 12.1955
-23.1978 0 12.178
-23.2119 0 12.1605
-23.2259 0 12.143
-23.2399 0 12.1255
-23.2538 0 12.1079
-23.2677 0 12.0904
-23.2815 0 12.0728
-23.2953 0 12.0551
-23.309 0 12.0375
-23.3227 0 12.0198
-23.3363 0 12.0021
-23.3498 0 11.9843
-23.3633 0 11.9666
-23.3768 0 11.9488
-23.3901 0 11.931
-23.4035 0 11.9132
-23.4167 0 11.8953
-23.43 0 11.8774
-23.4431 0 11.8595
-23.4562 0 11.8416
-23.4693 0 11.8236
-23.4823 0 11.8056
-23.4952 0 11.7876
-23.5081 0 11.7696
-23.521 0 11.7515
-23.5338 0 11.7335
-23.5465 0 11.7153
-23.5592 0 11.6972
-23.5718 0 11.679
-23.5843 0 11.6609
-23.5968 0 11.6426
-23.6093 0 11.6244
-23.6217 0 11.6062
-23.634 0 11.5879
-23.6463 0 11.5696
-23.6586 0 11.5512
-23.6707 0 11.5329
-23.6829 0 11.5145
-23.6949 0 11.4961
-23.707 0 11.4776
-23.7189 0 11.4592
-23.7308 0 11.4407
-23.7427 0 11.4222
-23.7545 0 11.4036
-23.7662 0 11.3851
-23.7779 0 11.3665
-23.7895 0 11.3479
-23.8011 0 11.3292
-23.8127 0 11.3106
-23.8241 0 11.2919
-23.8355 0 11.2732
-23.8469 0 11.2544
-23.8582 0 11.2357
-23.8695 0 11.2169
-23.8807 0 11.198
-23.8918 0 11.1792
-23.9029 0 11.1603
-23.9139 0 11.1415
-23.9249 0 11.1225
-23.9358 0 11.1036
-23.9467 0 11.0846
-23.9575 0 11.0656
-23.9683 0 11.0466
-23.979 0 11.0276
-23.9896 0 11.0085
-24.0002 0 10.9894
-24.0108 0 10.9703
-24.0212 0 10.9512
-24.0317 0 10.932
-24.0421 0 10.9128
-24.0524 0 10.8936
-24.0627 0 10.8744
-24.0729 0 10.8551
-24.083 0 10.8358
-24.0931 0 10.8165
-24.1032 0 10.7972
-24.1132 0 10.7778
-24.1231 0 10.7584
-24.133 0 10.739
-24.1429 0 10.7196
-24.1526 0 10.7001
-24.1624 0 10.6806
-24.172 0 10.6611
-24.1816 0 10.6416
-24.1912 0 10.622
-24.2007 0 10.6024
-24.2102 0 10.5828
-24.2196 0 10.5631
-24.2289 0 10.5435
-24.2382 0 10.5238
-24.2474 0 10.5041
-24.2566 0 10.4843
-24.2657 0 10.4646
-24.2748 0 10.4448
-24.2838 0 10.425
-24.2928 0 10.4051
-24.3017 0 10.3853
-24.3106 0 10.3654
-24.3194 0 10.3455
-24.3281 0 10.3255
-24.3368 0 10.3056
-24.3454 0 10.2856
-24.354 0 10.2656
-24.3626 0 10.2455
-24.371 0 10.2255
-24.3794 0 10.2054
-24.3878 0 10.1853
-24.3961 0 10.1651
-24.4044 0 10.145
-24.4126 0 10.1248
-24.4207 0 10.1046
-24.4288 0 10.0843
-24.4369 0 10.0641
-24.4449 0 10.0438
-24.4528 0 10.0235
-24.4607 0 10.0031
-24.4685 0 9.98277
-24.4763 0 9.96238
-24.484 0 9.94197
-24.4916 0 9.92154
-24.4992 0 9.90108
-24.5068 0 9.88059
-24.5143 0 9.86008
-24.5217 0 9.83955
-24.5291 0 9.81899
-24.5365 0 9.7984
-24.5437 0 9.77779
-24.551 0 9.75716
-24.5581 0 9.7365
-24.5653 0 9.71582
-24.5723 0 9.69511
-24.5793 0 9.67438
-24.5863 0 9.65362
-24.5932 0 9.63284
-24.6 0 9.61203
-24.6068 0 9.5912
-24.6136 0 9.57034
-24.6202 0 9.54946
-24.6269 0 9.52855
-24.6335 0 9.50762
-24.64 0 9.48667
-24.6464 0 9.46569
-24.6529 0 9.44468
-24.6592 0 9.42365
-24.6655 0 9.4026
-24.6718 0 9.38152
-24.678 0 9.36041
-24.6841 0 9.33928
-24.6902 0 9.31813
-24.6962 0 9.29695
-24.7022 0 9.27575
-24.7082 0 9.25452
-24.714 0 9.23327
-24.7198 0 9.212
-24.7256 0 9.19069
-24.7313 0 9.16937
-24.737 0 9.14801
-24.7426 0 9.12664
-24.7481 0 9.10524
-24.7536 0 9.08381
-24.7591 0 9.06237
-24.7645 0 9.04089
-24.7698 0 9.01939
-24.7751 0 8.99787
-24.7803 0 8.97632
-24.7855 0 8.95475
-24.7906 0 8.93315
-24.7957 0 8.91153
-24.8007 0 8.88988
-24.8056 0 8.86821
-24.8105 0 8.84651
-24.8154 0 8.82479
-24.8202 0 8.80305
-24.8249 0 8.78128
-24.8296 0 8.75949
-24.8342 0 8.73767
-24.8388 0 8.71582
-24.8433 0 8.69396
-24.8478 0 8.67207
-24.8522 0 8.65015
-24.8566 0 8.6282
-24.8609 0 8.60624
-24.8651 0 8.58425
-24.8693 0 8.56223
-24.8735 0 8.54019
-24.8776 0 8.51813
-24.8816 0 8.49604
-24.8856 0 8.47393
-24.8895 0 8.45179
-24.8934 0 8.42962
-24.8972 0 8.40744
-24.901 0 8.38523
-24.9047 0 8.36299
-24.9084 0 8.34073
-24.912 0 8.31845
-24.9155 0 8.29613
-24.919 0 8.2738
-24.9225 0 8.25144
-24.9259 0 8.22906
-24.9292 0 8.20665
-24.9325 0 8.18422
-24.9357 0 8.16176
-24.9389 0 8.13928
-24.942 0 8.11677
-24.9451 0 8.09424
-24.9481 0 8.07169
-24.9511 0 8.04911
-24.954 0 8.02651
-24.9568 0 8.00388
-24.9596 0 7.98123
-24.9624 0 7.95855
-24.9651 0 7.93585
-24.9677 0 7.91313
-24.9703 0 7.89037
-24.9728 0 7.8676
-24.9753 0 7.8448
-24.9777 0 7.82198
-24.9801 0 7.79913
-24.9824 0 7.77626
-24.9847 0 7.75336
-24.9869 0 7.73044
-24.9891 0 7.70749
-24.9912 0 7.68452
-24.9932 0 7.66153
-24.9952 0 7.63851
-24.9972 0 7.61547
-24.999 0 7.5924
-25.0009 0 7.56931
-25.0027 0 7.54619
-25.0044 0 7.52305
-25.0061 0 7.49989
-25.0077 0 7.4767
-25.0092 0 7.45348
-25.0108 0 7.43025
-25.0122 0 7.40698
-25.0136 0 7.3837
-25.015 0 7.36039
-25.0163 0 7.33705
-25.0175 0 7.31369
-25.0187 0 7.29031
-25.0198 0 7.2669
-25.0209 0 7.24347
-25.022 0 7.22001
-25.0229 0 7.19653
-25.0239 0 7.17302
-25.0247 0 7.14949
-25.025 0 7.14167
-25.0258 0 7.1181
-25.0265 0 7.09452
-25.0272 0 7.07091
-25.0279 0 7.04728
-25.0284 0 7.02362
-25.029 0 6.99994
-25.0294 0 6.97624
-25.0298 0 6.95252
-25.0302 0 6.92877
-25.0305 0 6.905
-25.0307 0 6.88122
-25.0309 0 6.85741
-25.031 0 6.83357
-25.0311 0 6.80973
-25.0311 0 6.78585
-25.031 0 6.76197
-25.0309 0 6.73805
-25.0307 0 6.71413
-25.0305 0 6.69018
-25.0301 0 6.66622
-25.0298 0 6.64223
-25.0293 0 6.61823
-25.0288 0 6.59421
-25.0283 0 6.57018
-25.0276 0 6.54612
-25.0269 0 6.52205
-25.0262 0 6.49797
-25.0253 0 6.47387
-25.0244 0 6.44975
-25.0235 0 6.42562
-25.0224 0 6.40147
-25.0213 0 6.37731
-25.0201 0 6.35313
-25.0189 0 6.32894
-25.0176 0 6.30473
-25.0162 0 6.28051
-25.0148 0 6.25628
-25.0132 0 6.23204
-25.0116 0 6.20778
-25.01 0 6.18351
-25.0082 0 6.15923
-25.0064 0 6.13494
-25.0045 0 6.11063
-25.0025 0 6.08632
-25.0005 0 6.06199
-24.9984 0 6.03765
-24.9962 0 6.0133
-24.9939 0 5.98895
-24.9916 0 5.96458
-24.9892 0 5.9402
-24.9867 0 5.91582
-24.9841 0 5.89143
-24.9814 0 5.86702
-24.9787 0 5.84261
-24.9759 0 5.8182
-24.973 0 5.79377
-24.97 0 5.76934
-24.9669 0 5.7449
-24.9638 0 5.72046
-24.9606 0 5.69601
-24.9573 0 5.67155
-24.9539 0 5.64709
-24.9504 0 5.62262
-24.9468 0 5.59815
-24.9432 0 5.57367
-24.9395 0 5.54919
-24.9357 0 5.5247
-24.9318 0 5.50021
-24.9278 0 5.47572
-24.9237 0 5.45123
-24.9195 0 5.42673
-24.9153 0 5.40223
-24.9109 0 5.37772
-24.9065 0 5.35322
-24.902 0 5.32871
-24.8974 0 5.30421
-24.8927 0 5.2797
-24.8879 0 5.25519
-24.883 0 5.23068
-24.8781 0 5.20617
-24.873 0 5.18166
-24.8678 0 5.15715
-24.8626 0 5.13265
-24.8572 0 5.10814
-24.8518 0 5.08364
-24.8463 0 5.05913
-24.8406 0 5.03463
-24.8349 0 5.01013
-24.8291 0 4.98564
-24.8232 0 4.96115
-24.8171 0 4.93666
-24.811 0 4.91218
-24.8048 0 4.88769
-24.7985 0 4.86322
-24.7921 0 4.83874
-24.7856 0 4.81428
-24.779 0 4.78982
-24.7723 0 4.76536
-24.7654 0 4.74091
-24.7585 0 4.71646
-24.7515 0 4.69203
-24.7444 0 4.6676
-24.7372 0 4.64317
-24.7298 0 4.61876
-24.7224 0 4.59435
-24.7149 0 4.56995
-24.7072 0 4.54555
-24.6995 0 4.52117
-24.6916 0 4.4968
-24.6837 0 4.47243
-24.6756 0 4.44808
-24.6674 0 4.42373
-24.6591 0 4.39939
-24.6507 0 4.37507
-24.6422 0 4.35075
-24.6336 0 4.32645
-24.6249 0 4.30216
-24.6161 0 4.27788
-24.6071 0 4.25361
-24.5981 0 4.22935
-24.5889 0 4.20511
-24.5796 0 4.18088
-24.5702 0 4.15666
-24.5607 0 4.13246
-24.5511 0 4.10827
-24.5414 0 4.08409
-24.5315 0 4.05993
-24.5216 0 4.03579
-24.5115 0 4.01166
-24.5013 0 3.98754
-24.491 0 3.96344
-24.4806 0 3.93935
-24.47 0 3.91529
-24.4593 0 3.89124
-24.4486 0 3.8672
-24.4377 0 3.84318
-24.4266 0 3.81919
-24.4155 0 3.7952
-24.4042 0 3.77124
-24.3928 0 3.7473
-24.3813 0 3.72337
-24.3697 0 3.69946
-24.3579 0 3.67558
-24.3461 0 3.65171
-24.3341 0 3.62786
-24.3219 0 3.60403
-24.3097 0 3.58023
-24.2973 0 3.55644
-24.2848 0 3.53268
-24.2722 0 3.50893
-24.2594 0 3.48521
-24.2465 0 3.46151
-24.2335 0 3.43783
-24.2204 0 3.41418
-24.2071 0 3.39055
-24.1937 0 3.36694
-24.1802 0 3.34336
-24.1666 0 3.3198
-24.1528 0 3.29627
-24.1389 0 3.27275
-24.1248 0 3.24927
-24.1106 0 3.22581
-24.0963 0 3.20237
-24.0819 0 3.17897
-24.0673 0 3.15558
-24.0526 0 3.13223
-24.0377 0 3.1089
-24.0228 0 3.08559
-24.0076 0 3.06232
-23.9924 0 3.03907
-23.977 0 3.01585
-23.9615 0 2.99266
-23.9458 0 2.9695
-23.93 0 2.94636
-23.9141 0 2.92326
-23.898 0 2.90019
-23.8818 0 2.87714
-23.8654 0 2.85413
-23.8489 0 2.83114
-23.8323 0 2.80819
-23.8155 0 2.78527
-23.7986 0 2.76238
-23.7815 0 2.73952
-23.7643 0 2.71669
-23.747 0 2.6939
-23.7295 0 2.67113
-23.7118 0 2.6484
-23.6941 0 2.62571
-23.6761 0 2.60305
-23.658 0 2.58042
-23.6398 0 2.55782
-23.6215 0 2.53526
-23.603 0 2.51274
-23.5843 0 2.49025
-23.5655 0 2.4678
-23.5465 0 2.44538
-23.5274 0 2.42299
-23.5082 0 2.40065
-23.4888 0 2.37834
-23.4692 0 2.35607
-23.4495 0 2.33383
-23.4296 0 2.31163
-23.4096 0 2.28947
-23.3895 0 2.26735
-23.3691 0 2.24527
-23.3487 0 2.22322
-23.328 0 2.20122
-23.3073 0 2.17925
-23.2863 0 2.15732
-23.2652 0 2.13544
-23.244 0 2.11359
-23.2226 0 2.09179
-23.201 0 2.07002
-23.1793 0 2.0483
-23.1575 0 2.02662
-23.1354 0 2.00498
-23.1132 0 1.98338
-23.0909 0 1.96183
-23.0684 0 1.94031
-23.0457 0 1.91885
-23.0229 0 1.89742
-22.9999 0 1.87604
-22.9767 0 1.8547
-22.9534 0 1.83341
-22.9299 0 1.81216
-22.9063 0 1.79095
-22.8825 0 1.76979
-22.8585 0 1.74868
-22.8344 0 1.72761
-22.8101 0 1.70659
-22.7856 0 1.68562
-22.761 0 1.66469
-22.7362 0 1.64381
-22.7112 0 1.62298
-22.6861 0 1.60219
-22.6608 0 1.58145
-22.6353 0 1.56076
-22.6097 0 1.54012
-22.5839 0 1.51953
-22.5579 0 1.49899
-22.5317 0 1.4785
-22.5054 0 1.45806
-22.4789 0 1.43766
-22.4523 0 1.41732
-22.4254 0 1.39703
-22.3984 0 1.37679
-22.3713 0 1.3566
-22.3439 0 1.33646
-22.3164 0 1.31638
-22.2887 0 1.29634
-22.2608 0 1.27636
-22.2327 0 1.25644
-22.2045 0 1.23656
-22.1761 0 1.21675
-22.1475 0 1.19698
-22.1187 0 1.17727
-22.0898 0 1.15761
-22.0607 0 1.13801
-22.0314 0 1.11846
-22.0019 0 1.09897
-21.9722 0 1.07953
-21.9424 0 1.06015
-21.9124 0 1.04082
-21.8822 0 1.02156
-21.8518 0 1.00235
-21.8212 0 0.983195
-21.7904 0 0.964098
-21.7595 0 0.94506
-21.7284 0 0.92608
-21.6971 0 0.907159
-21.6656 0 0.888297
-21.6339 0 0.869495
-21.6021 0 0.850749
-21.57 0 0.832066
-21.5378 0 0.813441
-21.5053 0 0.794877
-21.4727 0 0.776374
-21.4399 0 0.757932
-21.4069 0 0.739551
-21.3738 0 0.721232
-21.3404 0 0.702975
-21.3068 0 0.684781
-21.2731 0 0.666648
-21.2391 0 0.648578
-21.205 0 0.630571
-21.1707 0 0.612628
-21.1362 0 0.594748
-21.1015 0 0.576933
-21.0666 0 0.55918
-21.0315 0 0.541493
-20.9962 0 0.523872
-20.9607 0 0.506317
-20.925 0 0.488826
-20.8891 0 0.471402
-20.853 0 0.454041
-20.8167 0 0.436751
-20.7803 0 0.419525
-20.7436 0 0.402368
-20.7067 0 0.385277
-20.6696 0 0.368253
-20.6324 0 0.351299
-20.5949 0 0.334412
-20.5572 0 0.317593
-20.5194 0 0.300845
-20.4813 0 0.284164
-20.443 0 0.267554
-20.4045 0 0.251015
-20.3658 0 0.234544
-20.327 0 0.218144
-20.2879 0 0.201817
-20.2486 0 0.185558
-20.2091 0 0.169371
-20.1694 0 0.153257
-20.1295 0 0.137215
-20.0893 0 0.121245
-20.049 0 0.105347
-20.0085 0 0.0895233
-19.9677 0 0.0737717
-19.9268 0 0.0580948
-19.8856 0 0.0424904
-19.8443 0 0.0269608
-19.8027 0 0.0115067
-19.7609 0 -0.00387497
-19.7189 0 -0.0191795
-19.6767 0 -0.0344086
-19.6342 0 -0.0495628
-19.5916 0 -0.0646408
-19.5488 0 -0.0796417
-19.5057 0 -0.0945671
-19.4624 0 -0.109415
-19.4189 0 -0.124185
-19.3752 0 -0.138879
-19.3313 0 -0.153494
-19.3167 0 -0.158334
-19.2725 0 -0.172845
-19.228 0 -0.187276
-19.1834 0 -0.201632
-19.1386 0 -0.215907
-19.0935 0 -0.230103
-19.0482 0 -0.24422
-19.0027 0 -0.25826
-18.9571 0 -0.272219
-18.9112 0 -0.286099
-18.8651 0 -0.299902
-18.8188 0 -0.313622
-18.7723 0 -0.327266
-18.7256 0 -0.340828
-18.6786 0 -0.354311
-18.6315 0 -0.367715
-18.5842 0 -0.381039
-18.5367 0 -0.394283
-18.489 0 -0.407445
-18.4411 0 -0.420528
-18.3931 0 -0.433531
-18.3448 0 -0.446454
-18.2963 0 -0.459295
-18.2477 0 -0.472057
-18.1988 0 -0.484737
-18.1498 0 -0.497337
-18.1006 0 -0.509856
-18.0512 0 -0.522292
-18.0016 0 -0.53465
-17.9518 0 -0.546925
-17.9018 0 -0.559119
-17.8517 0 -0.571231
-17.8014 0 -0.583261
-17.7509 0 -0.59521
-17.7003 0 -0.607079
-17.6494 0 -0.618862
-17.5984 0 -0.630566
-17.5472 0 -0.642187
-17.4959 0 -0.653726
-17.4443 0 -0.665182
-17.3926 0 -0.676556
-17.3408 0 -0.687847
-17.2887 0 -0.699056
-17.2365 0 -0.710182
-17.1842 0 -0.721225
-17.1316 0 -0.732185
-17.0789 0 -0.743062
-17.0261 0 -0.753857
-16.9731 0 -0.764566
-16.9199 0 -0.775194
-16.8666 0 -0.785736
-16.8131 0 -0.796196
-16.7595 0 -0.806574
-16.7057 0 -0.816864
-16.6517 0 -0.827074
-16.5976 0 -0.837198
-16.5434 0 -0.847237
-16.489 0 -0.857195
-16.4344 0 -0.867065
-16.3798 0 -0.876852
-16.3249 0 -0.886555
-16.2699 0 -0.896172
-16.2148 0 -0.905705
-16.1596 0 -0.915154
-16.1042 0 -0.924516
-16.0486 0 -0.933794
-15.9929 0 -0.942986
-15.9371 0 -0.952094
-15.8812 0 -0.961116
-15.8251 0 -0.970052
-15.7688 0 -0.978902
-15.7125 0 -0.987666
-15.656 0 -0.996346
-15.5994 0 -1.00494
-15.5426 0 -1.01345
-15.4858 0 -1.02187
-15.4288 0 -1.0302
-15.3716 0 -1.03845
-15.3144 0 -1.04661
-15.257 0 -1.05468
-15.1995 0 -1.06267
-15.1419 0 -1.07057
-15.0842 0 -1.07839
-15.0263 0 -1.08612
-14.9684 0 -1.09376
-14.9103 0 -1.10131
-14.8521 0 -1.10877
-14.7938 0 -1.11615
-14.7354 0 -1.12344
-14.6768 0 -1.13065
-14.6182 0 -1.13776
-14.5594 0 -1.14479
-14.5006 0 -1.15173
-14.4416 0 -1.15858
-14.3826 0 -1.16534
-14.3234 0 -1.17202
-14.2641 0 -1.1786
-14.2047 0 -1.1851
-14.1453 0 -1.19151
-14.0857 0 -1.19783
-14.026 0 -1.20406
-13.9662 0 -1.2102
-13.9064 0 -1.21625
-13.8464 0 -1.22222
-13.7864 0 -1.22809
-13.7262 0 -1.23388
-13.666 0 -1.23957
-13.6057 0 -1.24518
-13.5453 0 -1.2507
-13.4848 0 -1.25612
-13.4242 0 -1.26146
-13.3635 0 -1.26671
-13.3028 0 -1.27186
-13.242 0 -1.27693
-13.181 0 -1.28191
-13.1201 0 -1.28679
-13.059 0 -1.29159
-12.9978 0 -1.29629
-12.9366 0 -1.3009
-12.8753 0 -1.30543
-12.8139 0 -1.30986
-12.7525 0 -1.3142
-12.691 0 -1.31845
-12.6294 0 -1.32261
-12.5677 0 -1.32667
-12.506 0 -1.33065
-12.4442 0 -1.33453
-12.3824 0 -1.33832
-12.3205 0 -1.34202
-12.2585 0 -1.34563
-12.1964 0 -1.34915
-12.1343 0 -1.35257
-12.0722 0 -1.3559
-12.01 0 -1.35914
-11.9477 0 -1.36229
-11.8853 0 -1.36534
-11.823 0 -1.3683
-11.7605 0 -1.37117
-11.698 0 -1.37395
-11.6355 0 -1.37663
-11.5729 0 -1.37922
-11.5102 0 -1.38172
-11.4476 0 -1.38412
-11.3848 0 -1.38643
-11.322 0 -1.38864
-11.2592 0 -1.39077
-11.1963 0 -1.39279
-11.1334 0 -1.39473
-11.0705 0 -1.39657
-11.0075 0 -1.39831
-10.9445 0 -1.39997
-10.8814 0 -1.40153
-10.8183 0 -1.40299
-10.7552 0 -1.40436
-10.692 0 -1.40563
-10.6288 0 -1.40681
-10.5656 0 -1.4079
-10.5023 0 -1.40889
-10.4391 0 -1.40978
-10.3758 0 -1.41058
-10.3124 0 -1.41129
-10.249 0 -1.4119
-10.1857 0 -1.41241
-10.1223 0 -1.41283
-10.0588 0 -1.41315
-9.99538 0 -1.41338
-9.93192 0 -1.41351
-9.86843 0 -1.41354
-9.80493 0 -1.41348
-9.74141 0 -1.41332
-9.67788 0 -1.41307
-9.61434 0 -1.41272
-9.55078 0 -1.41227
-9.48722 0 -1.41173
-9.42365 0 -1.41109
-9.36006 0 -1.41035
-9.29648 0 -1.40952
-9.23288 0 -1.40859
-9.16928 0 -1.40756
-9.10568 0 -1.40643
-9.04208 0 -1.40521
-8.97848 0 -1.40389
-8.91487 0 -1.40247
-8.85127 0 -1.40096
-8.78767 0 -1.39934
-8.72408 0 -1.39763
-8.66049 0 -1.39582
-8.59691 0 -1.39391
-8.53333 0 -1.39191
-8.46976 0 -1.3898
-8.40621 0 -1.3876
-8.34266 0 -1.3853
-8.27913 0 -1.3829
-8.21561 0 -1.3804
-8.15211 0 -1.3778
-8.08862 0 -1.37511
-8.02515 0 -1.37231
-7.96169 0 -1.36941
-7.89826 0 -1.36642
-7.83485 0 -1.36333
-7.77146 0 -1.36013
-7.7081 0 -1.35684
-7.64475 0 -1.35345
-7.58143 0 -1.34996
-7.51815 0 -1.34636
-7.45488 0 -1.34267
-7.39165 0 -1.33888
-7.32845 0 -1.33499
-7.26528 0 -1.33099
-7.20214 0 -1.3269
-7.13904 0 -1.3227
-7.07597 0 -1.31841
-7.01294 0 -1.31401
-6.94994 0 -1.30952
-6.88699 0 -1.30492
-6.82407 0 -1.30022
-6.76119 0 -1.29542
-6.69836 0 -1.29052
-6.63557 0 -1.28551
-6.57283 0 -1.28041
-6.51013 0 -1.2752
-6.44748 0 -1.2699
-6.38488 0 -1.26449
-6.32233 0 -1.25897
-6.25982 0 -1.25336
-6.19737 0 -1.24765
-6.13497 0 -1.24183
-6.07263 0 -1.23591
-6.01035 0 -1.22988
-5.94811 0 -1.22376
-5.88594 0 -1.21753
-5.82383 0 -1.2112
-5.76177 0 -1.20476
-5.69978 0 -1.19823
-5.63785 0 -1.19159
-5.57599 0 -1.18484
-5.51418 0 -1.17799
-5.45245 0 -1.17104
-5.39079 0 -1.16399
-5.32919 0 -1.15683
-5.26766 0 -1.14957
-5.2062 0 -1.1422
-5.14482 0 -1.13473
-5.08351 0 -1.12716
-5.02227 0 -1.11948
-4.96111 0 -1.1117
-4.90002 0 -1.10381
-4.83902 0 -1.09582
-4.77809 0 -1.08773
-4.71725 0 -1.07953
-4.65648 0 -1.07122
-4.5958 0 -1.06281
-4.53521 0 -1.05429
-4.4747 0 -1.04567
-4.41427 0 -1.03695
-4.35394 0 -1.02812
-4.29369 0 -1.01918
-4.23353 0 -1.01014
-4.17347 0 -1.00099
-4.11349 0 -0.991735
-4.05361 0 -0.982376
-3.99383 0 -0.97291
-3.93414 0 -0.963338
-3.87455 0 -0.953659
-3.81505 0 -0.943874
-3.75566 0 -0.933983
-3.69637 0 -0.923986
-3.63718 0 -0.913881
-3.57809 0 -0.90367
-3.51912 0 -0.893353
-3.46024 0 -0.882928
-3.40147 0 -0.872395
-3.34281 0 -0.861755
-3.28426 0 -0.851009
-3.22582 0 -0.840155
-3.16749 0 -0.829193
-3.10927 0 -0.818124
-3.05117 0 -0.806948
-2.99318 0 -0.795663
-2.93531 0 -0.78427
-2.87756 0 -0.772769
-2.81993 0 -0.76116
-2.76241 0 -0.749443
-2.70502 0 -0.737618
-2.64775 0 -0.725684
-2.5906 0 -0.713641
-2.53358 0 -0.701489
-2.47669 0 -0.68923
-2.41992 0 -0.67686
-2.36328 0 -0.664382
-2.30677 0 -0.651796
-2.25039 0 -0.639098
-2.19415 0 -0.626293
-2.13804 0 -0.613378
-2.08206 0 -0.600354
-2.02621 0 -0.587219
-1.97051 0 -0.573975
-1.91494 0 -0.56062
-1.85951 0 -0.547156
-1.80422 0 -0.533583
-1.74907 0 -0.519897
-1.69407 0 -0.506104
-1.63921 0 -0.492199
-1.5845 0 -0.478183
-1.52993 0 -0.464056
-1.4755 0 -0.44982
-1.42123 0 -0.435473
-1.36711 0 -0.421014
-1.31314 0 -0.406444
-1.25932 0 -0.391763
-1.20565 0 -0.376971
-1.15214 0 -0.362068
-1.09879 0 -0.347054
-1.0456 0 -0.331926
-0.992557 0 -0.316689
-0.939679 0 -0.301339
-0.886957 0 -0.285876
-0.834403 0 -0.270303
-0.78201 0 -0.254617
-0.729785 0 -0.238818
-0.677716 0 -0.222908
-0.625824 0 -0.206885
-0.574097 0 -0.19075
-0.522534 0 -0.174502
-0.471146 0 -0.158141
-0.419928 0 -0.141667
-0.368884 0 -0.125081
-0.318011 0 -0.10838
-0.267316 0 -0.091568
-0.2168 0 -0.0746414
-0.166458 0 -0.0576012
-0.116296 0 -0.040448
-0.0663116 0 -0.0231827
-0.01651 0 -0.00580139
