7.97333 2.63 0
8.07374 2.6793 0
8.16918 2.72996 0
8.25971 2.78195 0
8.34536 2.83523 0
8.42618 2.88977 0
8.50222 2.94552 0
8.57351 3.00245 0
8.64009 3.06053 0
8.70202 3.1197 0
8.75933 3.17994 0
8.81207 3.24122 0
8.86029 3.30348 0
8.90401 3.3667 0
8.9433 3.43083 0
8.97818 3.49584 0
9.00871 3.56169 0
9.03493 3.62835 0
9.05688 3.69577 0
9.0746 3.76392 0
9.08813 3.83276 0
9.09753 3.90225 0
9.10283 3.97236 0
9.10408 4.04305 0
9.10131 4.11428 0
9.09458 4.18602 0
9.08393 4.25821 0
9.06939 4.33084 0
9.05102 4.40386 0
9.02885 4.47723 0
9.00293 4.55091 0
8.97331 4.62488 0
8.94001 4.69908 0
8.9031 4.77349 0
8.89 4.79833 0
8.84833 4.87294 0
8.80319 4.9476 0
8.75466 5.0222 0
8.70283 5.09665 0
8.64779 5.17083 0
8.58964 5.24465 0
8.52844 5.31799 0
8.46431 5.39076 0
8.39732 5.46285 0
8.32756 5.53416 0
8.25512 5.60458 0
8.1801 5.67401 0
8.10257 5.74235 0
8.02263 5.80949 0
7.94036 5.87532 0
7.85586 5.93975 0
7.76922 6.00267 0
7.68051 6.06398 0
7.58984 6.12357 0
7.49728 6.18133 0
7.40293 6.23717 0
7.30688 6.29098 0
7.20921 6.34266 0
7.11001 6.3921 0
7.00938 6.43919 0
6.90739 6.48384 0
6.80414 6.52594 0
6.69972 6.56539 0
6.59422 6.60208 0
6.48772 6.63591 0
6.38031 6.66677 0
6.27209 6.69456 0
6.16313 6.71918 0
6.12667 6.72667 0
6.0169 6.74692 0
5.90677 6.76393 0
5.79653 6.77777 0
5.68642 6.78849 0
5.57669 6.79618 0
5.46759 6.80089 0
5.35937 6.8027 0
5.25228 6.80167 0
5.14656 6.79786 0
5.04247 6.79136 0
4.94024 6.78222 0
4.84014 6.77052 0
4.74241 6.75632 0
4.64729 6.73968 0
4.55504 6.72069 0
4.4659 6.6994 0
4.38013 6.67588 0
4.29797 6.6502 0
4.21966 6.62242 0
4.14547 6.59263 0
4.07563 6.56087 0
4.01039 6.52723 0
3.95001 6.49177 0
3.89472 6.45455 0
3.84479 6.41565 0
3.80046 6.37513 0
3.76197 6.33306 0
3.72958 6.28951 0
3.70353 6.24454 0
3.68407 6.19823 0
3.67145 6.15064 0
3.66592 6.10184 0
3.66772 6.05189 0
3.67 6.035 0
3.68189 5.98365 0
3.70119 5.93142 0
3.72762 5.87847 0
3.76094 5.82498 0
3.80087 5.7711 0
3.84716 5.71702 0
3.89953 5.6629 0
3.95774 5.6089 0
4.0215 5.55521 0
4.09057 5.50198 0
4.16468 5.44938 0
4.24356 5.39758 0
4.32695 5.34676 0
4.41459 5.29708 0
4.50622 5.24871 0
4.60158 5.20182 0
4.70039 5.15657 0
4.8024 5.11314 0
4.90734 5.07169 0
5.01496 5.0324 0
5.12498 4.99543 0
5.23715 4.96095 0
5.35121 4.92913 0
5.46688 4.90014 0
5.58391 4.87414 0
5.70203 4.85131 0
5.82098 4.83182 0
5.9405 4.81582 0
6.06032 4.8035 0
6.18019 4.79503 0
6.29983 4.79056 0
6.41899 4.79026 0
6.53741 4.79432 0
6.57667 4.79667 0
6.69372 4.80672 0
6.80967 4.82116 0
6.92452 4.83978 0
7.03828 4.8624 0
7.15093 4.88883 0
7.26248 4.91887 0
7.37293 4.95234 0
7.48228 4.98904 0
7.59053 5.02877 0
7.69768 5.07136 0
7.80372 5.11661 0
7.90866 5.16432 0
8.01249 5.2143 0
8.11521 5.26638 0
8.21684 5.32034 0
8.31735 5.376 0
8.41676 5.43317 0
8.51507 5.49166 0
8.61226 5.55128 0
8.70835 5.61183 0
8.80332 5.67312 0
8.89719 5.73497 0
8.98995 5.79717 0
9.0816 5.85955 0
9.17213 5.9219 0
9.26156 5.98404 0
9.34987 6.04577 0
9.43707 6.10691 0
9.52316 6.16726 0
9.60814 6.22663 0
9.69199 6.28483 0
9.77474 6.34167 0
9.85637 6.39695 0
9.88333 6.415 0
9.96347 6.46794 0
10.0425 6.51904 0
10.1203 6.56828 0
10.197 6.61562 0
10.2725 6.66103 0
10.3468 6.70449 0
10.4198 6.74596 0
10.4916 6.78542 0
10.5621 6.82284 0
10.6314 6.85819 0
10.6993 6.89144 0
10.7659 6.92255 0
10.8312 6.95151 0
10.8951 6.97828 0
10.9577 7.00283 0
11.0188 7.02514 0
11.0785 7.04517 0
11.1368 7.0629 0
11.1936 7.07829 0
11.2489 7.09132 0
11.3028 7.10196 0
11.3551 7.11017 0
11.4059 7.11594 0
11.4552 7.11922 0
11.5029 7.12 0
11.549 7.11824 0
11.5934 7.11391 0
11.6363 7.10698 0
11.6775 7.09744 0
11.7171 7.08523 0
11.755 7.07034 0
11.7911 7.05274 0
11.8256 7.0324 0
11.8367 7.025 0
11.8688 7.00097 0
11.8988 6.97423 0
11.9267 6.94484 0
11.952 6.91288 0
11.9746 6.87842 0
11.9942 6.84151 0
12.0105 6.80224 0
12.0233 6.76066 0
12.0324 6.71685 0
12.0375 6.67088 0
12.0383 6.62281 0
12.0346 6.57272 0
12.0261 6.52067 0
12.0126 6.46673 0
11.9938 6.41096 0
11.9696 6.35345 0
11.9395 6.29425 0
11.9035 6.23344 0
11.8612 6.17108 0
11.8123 6.10724 0
11.7567 6.04199 0
11.694 5.9754 0
11.6241 5.90755 0
11.5467 5.83848 0
11.4614 5.76828 0
11.3682 5.69702 0
11.2666 5.62475 0
11.1566 5.55156 0
11.0377 5.47751 0
10.9098 5.40266 0
10.7726 5.32709 0
10.6259 5.25087 0
10.4694 5.17406 0
10.415 5.14833 0
10.2452 5.07086 0
10.0658 4.99303 0
9.87757 4.915 0
9.68095 4.83691 0
9.47658 4.75889 0
9.26507 4.68109 0
9.04701 4.60367 0
8.82298 4.52675 0
8.59359 4.45049 0
8.35943 4.37502 0
8.1211 4.3005 0
7.87918 4.22706 0
7.63429 4.15485 0
7.387 4.08401 0
7.13792 4.01469 0
6.88764 3.94703 0
6.63676 3.88117 0
6.38587 3.81726 0
6.13556 3.75544 0
5.88644 3.69585 0
5.63909 3.63864 0
5.39412 3.58396 0
5.15211 3.53193 0
4.91367 3.48272 0
4.67938 3.43646 0
4.44984 3.39329 0
4.22565 3.35337 0
4.0074 3.31682 0
3.79569 3.28381 0
3.59111 3.25446 0
3.39426 3.22893 0
3.20573 3.20736 0
3.02612 3.18989 0
2.96833 3.185 0
2.8014 3.17315 0
2.64391 3.16531 0
2.49563 3.16121 0
2.35629 3.16056 0
2.22563 3.16308 0
2.10341 3.1685 0
1.98935 3.17654 0
1.88322 3.18691 0
1.78475 3.19933 0
1.69368 3.21353 0
1.60976 3.22923 0
1.53273 3.24614 0
1.46234 3.26398 0
1.39833 3.28249 0
1.34044 3.30137 0
1.28842 3.32035 0
1.24201 3.33914 0
1.20096 3.35748 0
1.16501 3.37507 0
1.13389 3.39164 0
1.10737 3.40691 0
1.08517 3.4206 0
1.06705 3.43242 0
1.05275 3.44211 0
1.04201 3.44937 0
1.03457 3.45394 0
1.03018 3.45553 0
1.02859 3.45385 0
1.02953 3.44864 0
1.03275 3.43961 0
1.03799 3.42648 0
1.04501 3.40897 0
1.05353 3.38681 0
1.05667 3.37833 0
1.06686 3.34961 0
1.07824 3.31609 0
1.09083 3.27803 0
1.10467 3.23565 0
1.11977 3.1892 0
1.13615 3.13893 0
1.15384 3.08506 0
1.17287 3.02785 0
1.19324 2.96752 0
1.21499 2.90433 0
1.23814 2.83851 0
1.26272 2.77031 0
1.28874 2.69995 0
1.31622 2.62769 0
1.3452 2.55376 0
1.37569 2.47841 0
1.40772 2.40187 0
1.44131 2.32438 0
1.47649 2.24619 0
1.51327 2.16753 0
1.55167 2.08865 0
1.59174 2.00978 0
1.63347 1.93117 0
1.6769 1.85306 0
1.72206 1.77568 0
1.76895 1.69927 0
1.81762 1.62409 0
1.86807 1.55036 0
1.92034 1.47833 0
1.97444 1.40823 0
2.0304 1.34032 0
2.08824 1.27482 0
2.14799 1.21198 0
2.16833 1.19167 0
2.23065 1.1327 0
2.29492 1.07667 0
2.36114 1.02354 0
2.42934 0.973275 0
2.49951 0.925827 0
2.57168 0.88116 0
2.64585 0.839233 0
2.72204 0.800008 0
2.80026 0.763444 0
2.88052 0.729502 0
2.96283 0.698142 0
3.0472 0.669324 0
3.13364 0.643009 0
3.22217 0.619157 0
3.3128 0.597729 0
3.40554 0.578684 0
3.5004 0.561983 0
3.59739 0.547586 0
3.69652 0.535454 0
3.79781 0.525547 0
3.90127 0.517825 0
4.00691 0.512248 0
4.11473 0.508777 0
4.22476 0.507373 0
4.337 0.507995 0
4.45147 0.510603 0
4.56818 0.515159 0
4.68713 0.521622 0
4.80834 0.529953 0
4.93183 0.540111 0
5.05759 0.552059 0
5.18566 0.565754 0
5.31603 0.581159 0
5.36 0.586667 0
5.49343 0.604293 0
5.62897 0.623566 0
5.76643 0.644476 0
5.90559 0.667014 0
6.04626 0.69117 0
6.18823 0.716935 0
6.33129 0.744298 0
6.47524 0.773252 0
6.61987 0.803786 0
6.76499 0.835892 0
6.91038 0.869558 0
7.05584 0.904777 0
7.20117 0.941538 0
7.34616 0.979833 0
7.4906 1.01965 0
7.6343 1.06098 0
7.77705 1.10382 0
7.91863 1.14815 0
8.05886 1.19397 0
8.19752 1.24127 0
8.33441 1.29003 0
8.46932 1.34025 0
8.60205 1.39192 0
8.7324 1.44502 0
8.86016 1.49956 0
8.98512 1.55551 0
9.10708 1.61288 0
9.22584 1.67164 0
9.34119 1.7318 0
9.45293 1.79334 0
9.56085 1.85625 0
9.66475 1.92053 0
9.76442 1.98616 0
9.79667 2.00833 0
9.8904 2.07572 0
9.97951 2.14424 0
10.0639 2.21369 0
10.1434 2.28386 0
10.218 2.35454 0
10.2874 2.42553 0
10.3517 2.49661 0
10.4107 2.5676 0
10.4642 2.63827 0
10.5121 2.70841 0
10.5544 2.77783 0
10.5909 2.84632 0
10.6215 2.91367 0
10.6461 2.97967 0
10.6645 3.04411 0
10.6767 3.10679 0
10.6825 3.16751 0
10.6818 3.22605 0
10.6745 3.2822 0
10.6604 3.33577 0
10.6395 3.38655 0
10.6117 3.43432 0
10.5768 3.47888 0
10.5347 3.52003 0
10.4853 3.55755 0
10.4284 3.59125 0
10.364 3.6209 0
10.2919 3.64632 0
10.2121 3.66728 0
10.1244 3.68359 0
10.0286 3.69504 0
9.92471 3.70141 0
9.81257 3.70251 0
9.77333 3.70167 0
9.65014 3.69549 0
9.51919 3.68403 0
9.38114 3.66757 0
9.23665 3.64638 0
9.08636 3.62075 0
8.93094 3.59094 0
8.77102 3.55723 0
8.60728 3.51989 0
8.44034 3.47921 0
8.27089 3.43546 0
8.09956 3.38891 0
7.927 3.33984 0
7.75388 3.28853 0
7.58084 3.23525 0
7.40854 3.18027 0
7.23763 3.12387 0
7.06877 3.06634 0
6.9026 3.00793 0
6.73979 2.94894 0
6.58097 2.88963 0
6.42682 2.83028 0
6.27797 2.77116 0
6.13509 2.71256 0
5.99882 2.65475 0
5.86982 2.598 0
5.74874 2.54258 0
5.63624 2.48878 0
5.53297 2.43688 0
5.43958 2.38713 0
5.35672 2.33983 0
5.28505 2.29525 0
5.22522 2.25366 0
5.17789 2.21533 0
5.165 2.20333 0
5.13514 2.16974 0
5.1181 2.13972 0
5.11331 2.11319 0
5.12024 2.09011 0
5.13833 2.07039 0
5.16703 2.05397 0
5.20579 2.04079 0
5.25406 2.03077 0
5.31128 2.02386 0
5.3769 2.01997 0
5.45039 2.01906 0
5.53117 2.02104 0
5.61871 2.02586 0
5.71245 2.03344 0
5.81184 2.04372 0
5.91632 2.05663 0
6.02536 2.07211 0
6.13839 2.09008 0
6.25487 2.11048 0
6.37424 2.13325 0
6.49596 2.15832 0
6.61946 2.18561 0
6.74421 2.21507 0
6.86965 2.24663 0
6.99523 2.28021 0
7.1204 2.31575 0
7.24461 2.35319 0
7.3673 2.39246 0
7.48792 2.43349 0
7.60593 2.47621 0
7.72078 2.52056 0
7.8319 2.56647 0
7.93876 2.61388 0
